2021/10/25-18:04:43.056292 209e19e00 RocksDB version: 6.12.7
2021/10/25-18:04:43.057507 209e19e00 Git sha rocksdb_build_git_sha:@0@
2021/10/25-18:04:43.057512 209e19e00 Compile date Jul 27 2021
2021/10/25-18:04:43.057722 209e19e00 DB SUMMARY
2021/10/25-18:04:43.057727 209e19e00 DB Session ID:  CXOKW8K7LGF7SOXYRO1W
2021/10/25-18:04:43.058003 209e19e00 CURRENT file:  CURRENT
2021/10/25-18:04:43.058005 209e19e00 IDENTITY file:  IDENTITY
2021/10/25-18:04:43.058179 209e19e00 MANIFEST file:  MANIFEST-000561 size: 10386 Bytes
2021/10/25-18:04:43.058181 209e19e00 SST files in /Users/jessewilliams/Code/dfx-template-react/.dfx/state/replicated_state/node-100/ic_consensus_pool/consensus dir, Total Num: 12, files: 000579.sst 000581.sst 000583.sst 000585.sst 000587.sst 000589.sst 000591.sst 000593.sst 000595.sst 
2021/10/25-18:04:43.058183 209e19e00 Write Ahead Log file in /Users/jessewilliams/Code/dfx-template-react/.dfx/state/replicated_state/node-100/ic_consensus_pool/consensus: 000577.log size: 8213512 ; 
2021/10/25-18:04:43.058186 209e19e00                         Options.error_if_exists: 0
2021/10/25-18:04:43.058189 209e19e00                       Options.create_if_missing: 1
2021/10/25-18:04:43.058190 209e19e00                         Options.paranoid_checks: 1
2021/10/25-18:04:43.058190 209e19e00                                     Options.env: 0x107bc4e48
2021/10/25-18:04:43.058193 209e19e00                                      Options.fs: Posix File System
2021/10/25-18:04:43.058194 209e19e00                                Options.info_log: 0x7fadc2c3b110
2021/10/25-18:04:43.058195 209e19e00                Options.max_file_opening_threads: 16
2021/10/25-18:04:43.058196 209e19e00                              Options.statistics: 0x0
2021/10/25-18:04:43.058197 209e19e00                               Options.use_fsync: 1
2021/10/25-18:04:43.058198 209e19e00                       Options.max_log_file_size: 0
2021/10/25-18:04:43.058199 209e19e00                  Options.max_manifest_file_size: 1073741824
2021/10/25-18:04:43.058200 209e19e00                   Options.log_file_time_to_roll: 0
2021/10/25-18:04:43.058201 209e19e00                       Options.keep_log_file_num: 1000
2021/10/25-18:04:43.058202 209e19e00                    Options.recycle_log_file_num: 0
2021/10/25-18:04:43.058203 209e19e00                         Options.allow_fallocate: 1
2021/10/25-18:04:43.058204 209e19e00                        Options.allow_mmap_reads: 0
2021/10/25-18:04:43.058205 209e19e00                       Options.allow_mmap_writes: 0
2021/10/25-18:04:43.058206 209e19e00                        Options.use_direct_reads: 0
2021/10/25-18:04:43.058208 209e19e00                        Options.use_direct_io_for_flush_and_compaction: 0
2021/10/25-18:04:43.058209 209e19e00          Options.create_missing_column_families: 1
2021/10/25-18:04:43.058210 209e19e00                              Options.db_log_dir: 
2021/10/25-18:04:43.058211 209e19e00                                 Options.wal_dir: /Users/jessewilliams/Code/dfx-template-react/.dfx/state/replicated_state/node-100/ic_consensus_pool/consensus
2021/10/25-18:04:43.058212 209e19e00                Options.table_cache_numshardbits: 6
2021/10/25-18:04:43.058213 209e19e00                         Options.WAL_ttl_seconds: 0
2021/10/25-18:04:43.058214 209e19e00                       Options.WAL_size_limit_MB: 0
2021/10/25-18:04:43.058214 209e19e00                        Options.max_write_batch_group_size_bytes: 1048576
2021/10/25-18:04:43.058215 209e19e00             Options.manifest_preallocation_size: 4194304
2021/10/25-18:04:43.058216 209e19e00                     Options.is_fd_close_on_exec: 1
2021/10/25-18:04:43.058217 209e19e00                   Options.advise_random_on_open: 1
2021/10/25-18:04:43.058218 209e19e00                    Options.db_write_buffer_size: 0
2021/10/25-18:04:43.058219 209e19e00                    Options.write_buffer_manager: 0x7fadc2c3b0c0
2021/10/25-18:04:43.058220 209e19e00         Options.access_hint_on_compaction_start: 1
2021/10/25-18:04:43.058221 209e19e00  Options.new_table_reader_for_compaction_inputs: 0
2021/10/25-18:04:43.058222 209e19e00           Options.random_access_max_buffer_size: 1048576
2021/10/25-18:04:43.058242 209e19e00                      Options.use_adaptive_mutex: 0
2021/10/25-18:04:43.058243 209e19e00                            Options.rate_limiter: 0x0
2021/10/25-18:04:43.058249 209e19e00     Options.sst_file_manager.rate_bytes_per_sec: 0
2021/10/25-18:04:43.058250 209e19e00                       Options.wal_recovery_mode: 2
2021/10/25-18:04:43.058251 209e19e00                  Options.enable_thread_tracking: 0
2021/10/25-18:04:43.058252 209e19e00                  Options.enable_pipelined_write: 0
2021/10/25-18:04:43.058253 209e19e00                  Options.unordered_write: 0
2021/10/25-18:04:43.058254 209e19e00         Options.allow_concurrent_memtable_write: 1
2021/10/25-18:04:43.058255 209e19e00      Options.enable_write_thread_adaptive_yield: 1
2021/10/25-18:04:43.058256 209e19e00             Options.write_thread_max_yield_usec: 100
2021/10/25-18:04:43.058257 209e19e00            Options.write_thread_slow_yield_usec: 3
2021/10/25-18:04:43.058258 209e19e00                               Options.row_cache: None
2021/10/25-18:04:43.058259 209e19e00                              Options.wal_filter: None
2021/10/25-18:04:43.058263 209e19e00             Options.avoid_flush_during_recovery: 0
2021/10/25-18:04:43.058264 209e19e00             Options.allow_ingest_behind: 0
2021/10/25-18:04:43.058265 209e19e00             Options.preserve_deletes: 0
2021/10/25-18:04:43.058266 209e19e00             Options.two_write_queues: 0
2021/10/25-18:04:43.058267 209e19e00             Options.manual_wal_flush: 0
2021/10/25-18:04:43.058268 209e19e00             Options.atomic_flush: 0
2021/10/25-18:04:43.058269 209e19e00             Options.avoid_unnecessary_blocking_io: 0
2021/10/25-18:04:43.058270 209e19e00                 Options.persist_stats_to_disk: 0
2021/10/25-18:04:43.058271 209e19e00                 Options.write_dbid_to_manifest: 0
2021/10/25-18:04:43.058272 209e19e00                 Options.log_readahead_size: 0
2021/10/25-18:04:43.058273 209e19e00                 Options.file_checksum_gen_factory: Unknown
2021/10/25-18:04:43.058275 209e19e00                 Options.best_efforts_recovery: 0
2021/10/25-18:04:43.058276 209e19e00                Options.max_bgerror_resume_count: 2147483647
2021/10/25-18:04:43.058277 209e19e00            Options.bgerror_resume_retry_interval: 1000000
2021/10/25-18:04:43.058278 209e19e00             Options.max_background_jobs: 2
2021/10/25-18:04:43.058279 209e19e00             Options.max_background_compactions: -1
2021/10/25-18:04:43.058279 209e19e00             Options.max_subcompactions: 1
2021/10/25-18:04:43.058280 209e19e00             Options.avoid_flush_during_shutdown: 0
2021/10/25-18:04:43.058281 209e19e00           Options.writable_file_max_buffer_size: 1048576
2021/10/25-18:04:43.058282 209e19e00             Options.delayed_write_rate : 16777216
2021/10/25-18:04:43.058283 209e19e00             Options.max_total_wal_size: 0
2021/10/25-18:04:43.058284 209e19e00             Options.delete_obsolete_files_period_micros: 21600000000
2021/10/25-18:04:43.058285 209e19e00                   Options.stats_dump_period_sec: 600
2021/10/25-18:04:43.058286 209e19e00                 Options.stats_persist_period_sec: 600
2021/10/25-18:04:43.058287 209e19e00                 Options.stats_history_buffer_size: 1048576
2021/10/25-18:04:43.058288 209e19e00                          Options.max_open_files: -1
2021/10/25-18:04:43.058289 209e19e00                          Options.bytes_per_sync: 0
2021/10/25-18:04:43.058290 209e19e00                      Options.wal_bytes_per_sync: 0
2021/10/25-18:04:43.058291 209e19e00                   Options.strict_bytes_per_sync: 0
2021/10/25-18:04:43.058292 209e19e00       Options.compaction_readahead_size: 0
2021/10/25-18:04:43.058293 209e19e00                  Options.max_background_flushes: -1
2021/10/25-18:04:43.058294 209e19e00 Compression algorithms supported:
2021/10/25-18:04:43.058534 209e19e00 	kZSTD supported: 1
2021/10/25-18:04:43.058537 209e19e00 	kZlibCompression supported: 1
2021/10/25-18:04:43.058567 209e19e00 	kXpressCompression supported: 0
2021/10/25-18:04:43.058569 209e19e00 	kSnappyCompression supported: 1
2021/10/25-18:04:43.058570 209e19e00 	kZSTDNotFinalCompression supported: 1
2021/10/25-18:04:43.058571 209e19e00 	kLZ4HCCompression supported: 1
2021/10/25-18:04:43.058572 209e19e00 	kLZ4Compression supported: 1
2021/10/25-18:04:43.058573 209e19e00 	kBZip2Compression supported: 1
2021/10/25-18:04:43.058580 209e19e00 Fast CRC32 supported: Supported on x86
2021/10/25-18:04:43.058885 209e19e00 [db/version_set.cc:4560] Recovering from manifest file: /Users/jessewilliams/Code/dfx-template-react/.dfx/state/replicated_state/node-100/ic_consensus_pool/consensus/MANIFEST-000561
2021/10/25-18:04:43.059115 209e19e00 [db/column_family.cc:580] --------------- Options for column family [default]:
2021/10/25-18:04:43.059119 209e19e00               Options.comparator: leveldb.BytewiseComparator
2021/10/25-18:04:43.059120 209e19e00           Options.merge_operator: None
2021/10/25-18:04:43.059121 209e19e00        Options.compaction_filter: None
2021/10/25-18:04:43.059122 209e19e00        Options.compaction_filter_factory: None
2021/10/25-18:04:43.059123 209e19e00  Options.sst_partitioner_factory: None
2021/10/25-18:04:43.059124 209e19e00         Options.memtable_factory: SkipListFactory
2021/10/25-18:04:43.059125 209e19e00            Options.table_factory: BlockBasedTable
2021/10/25-18:04:43.059153 209e19e00            table_factory options:   flush_block_policy_factory: FlushBlockBySizePolicyFactory (0x7fadc2c3a140)
  cache_index_and_filter_blocks: 0
  cache_index_and_filter_blocks_with_high_priority: 1
  pin_l0_filter_and_index_blocks_in_cache: 0
  pin_top_level_index_and_filter: 1
  index_type: 0
  data_block_index_type: 0
  index_shortening: 1
  data_block_hash_table_util_ratio: 0.750000
  hash_index_allow_collision: 1
  checksum: 1
  no_block_cache: 0
  block_cache: 0x7fadc2c3a188
  block_cache_name: LRUCache
  block_cache_options:
    capacity : 8388608
    num_shard_bits : 4
    strict_capacity_limit : 0
    memory_allocator : None
    high_pri_pool_ratio: 0.000
  block_cache_compressed: 0x0
  persistent_cache: 0x0
  block_size: 4096
  block_size_deviation: 10
  block_restart_interval: 16
  index_block_restart_interval: 1
  metadata_block_size: 4096
  partition_filters: 0
  use_delta_encoding: 1
  filter_policy: nullptr
  whole_key_filtering: 1
  verify_compression: 0
  read_amp_bytes_per_bit: 0
  format_version: 4
  enable_index_compression: 1
  block_align: 0
2021/10/25-18:04:43.059155 209e19e00        Options.write_buffer_size: 67108864
2021/10/25-18:04:43.059157 209e19e00  Options.max_write_buffer_number: 2
2021/10/25-18:04:43.059161 209e19e00          Options.compression: Snappy
2021/10/25-18:04:43.059162 209e19e00                  Options.bottommost_compression: Disabled
2021/10/25-18:04:43.059163 209e19e00       Options.prefix_extractor: nullptr
2021/10/25-18:04:43.059164 209e19e00   Options.memtable_insert_with_hint_prefix_extractor: nullptr
2021/10/25-18:04:43.059164 209e19e00             Options.num_levels: 7
2021/10/25-18:04:43.059165 209e19e00        Options.min_write_buffer_number_to_merge: 1
2021/10/25-18:04:43.059166 209e19e00     Options.max_write_buffer_number_to_maintain: 0
2021/10/25-18:04:43.059167 209e19e00     Options.max_write_buffer_size_to_maintain: 0
2021/10/25-18:04:43.059168 209e19e00            Options.bottommost_compression_opts.window_bits: -14
2021/10/25-18:04:43.059169 209e19e00                  Options.bottommost_compression_opts.level: 32767
2021/10/25-18:04:43.059170 209e19e00               Options.bottommost_compression_opts.strategy: 0
2021/10/25-18:04:43.059171 209e19e00         Options.bottommost_compression_opts.max_dict_bytes: 0
2021/10/25-18:04:43.059172 209e19e00         Options.bottommost_compression_opts.zstd_max_train_bytes: 0
2021/10/25-18:04:43.059172 209e19e00         Options.bottommost_compression_opts.parallel_threads: 1
2021/10/25-18:04:43.059173 209e19e00                  Options.bottommost_compression_opts.enabled: false
2021/10/25-18:04:43.059174 209e19e00            Options.compression_opts.window_bits: -14
2021/10/25-18:04:43.059187 209e19e00                  Options.compression_opts.level: 32767
2021/10/25-18:04:43.059188 209e19e00               Options.compression_opts.strategy: 0
2021/10/25-18:04:43.059189 209e19e00         Options.compression_opts.max_dict_bytes: 0
2021/10/25-18:04:43.059190 209e19e00         Options.compression_opts.zstd_max_train_bytes: 0
2021/10/25-18:04:43.059191 209e19e00         Options.compression_opts.parallel_threads: 1
2021/10/25-18:04:43.059192 209e19e00                  Options.compression_opts.enabled: false
2021/10/25-18:04:43.059193 209e19e00      Options.level0_file_num_compaction_trigger: 4
2021/10/25-18:04:43.059194 209e19e00          Options.level0_slowdown_writes_trigger: 20
2021/10/25-18:04:43.059195 209e19e00              Options.level0_stop_writes_trigger: 36
2021/10/25-18:04:43.059195 209e19e00                   Options.target_file_size_base: 67108864
2021/10/25-18:04:43.059196 209e19e00             Options.target_file_size_multiplier: 1
2021/10/25-18:04:43.059197 209e19e00                Options.max_bytes_for_level_base: 268435456
2021/10/25-18:04:43.059198 209e19e00 Options.level_compaction_dynamic_level_bytes: 0
2021/10/25-18:04:43.059199 209e19e00          Options.max_bytes_for_level_multiplier: 10.000000
2021/10/25-18:04:43.059200 209e19e00 Options.max_bytes_for_level_multiplier_addtl[0]: 1
2021/10/25-18:04:43.059201 209e19e00 Options.max_bytes_for_level_multiplier_addtl[1]: 1
2021/10/25-18:04:43.059202 209e19e00 Options.max_bytes_for_level_multiplier_addtl[2]: 1
2021/10/25-18:04:43.059203 209e19e00 Options.max_bytes_for_level_multiplier_addtl[3]: 1
2021/10/25-18:04:43.059204 209e19e00 Options.max_bytes_for_level_multiplier_addtl[4]: 1
2021/10/25-18:04:43.059205 209e19e00 Options.max_bytes_for_level_multiplier_addtl[5]: 1
2021/10/25-18:04:43.059206 209e19e00 Options.max_bytes_for_level_multiplier_addtl[6]: 1
2021/10/25-18:04:43.059207 209e19e00       Options.max_sequential_skip_in_iterations: 8
2021/10/25-18:04:43.059207 209e19e00                    Options.max_compaction_bytes: 1677721600
2021/10/25-18:04:43.059208 209e19e00                        Options.arena_block_size: 8388608
2021/10/25-18:04:43.059209 209e19e00   Options.soft_pending_compaction_bytes_limit: 68719476736
2021/10/25-18:04:43.059210 209e19e00   Options.hard_pending_compaction_bytes_limit: 274877906944
2021/10/25-18:04:43.059211 209e19e00       Options.rate_limit_delay_max_milliseconds: 100
2021/10/25-18:04:43.059212 209e19e00                Options.disable_auto_compactions: 0
2021/10/25-18:04:43.059217 209e19e00                        Options.compaction_style: kCompactionStyleLevel
2021/10/25-18:04:43.059218 209e19e00                          Options.compaction_pri: kMinOverlappingRatio
2021/10/25-18:04:43.059219 209e19e00 Options.compaction_options_universal.size_ratio: 1
2021/10/25-18:04:43.059220 209e19e00 Options.compaction_options_universal.min_merge_width: 2
2021/10/25-18:04:43.059221 209e19e00 Options.compaction_options_universal.max_merge_width: 4294967295
2021/10/25-18:04:43.059222 209e19e00 Options.compaction_options_universal.max_size_amplification_percent: 200
2021/10/25-18:04:43.059223 209e19e00 Options.compaction_options_universal.compression_size_percent: -1
2021/10/25-18:04:43.059224 209e19e00 Options.compaction_options_universal.stop_style: kCompactionStopStyleTotalSize
2021/10/25-18:04:43.059225 209e19e00 Options.compaction_options_fifo.max_table_files_size: 1073741824
2021/10/25-18:04:43.059226 209e19e00 Options.compaction_options_fifo.allow_compaction: 0
2021/10/25-18:04:43.059234 209e19e00                   Options.table_properties_collectors: 
2021/10/25-18:04:43.059235 209e19e00                   Options.inplace_update_support: 0
2021/10/25-18:04:43.059236 209e19e00                 Options.inplace_update_num_locks: 10000
2021/10/25-18:04:43.059237 209e19e00               Options.memtable_prefix_bloom_size_ratio: 0.000000
2021/10/25-18:04:43.059238 209e19e00               Options.memtable_whole_key_filtering: 0
2021/10/25-18:04:43.059249 209e19e00   Options.memtable_huge_page_size: 0
2021/10/25-18:04:43.059250 209e19e00                           Options.bloom_locality: 0
2021/10/25-18:04:43.059251 209e19e00                    Options.max_successive_merges: 0
2021/10/25-18:04:43.059251 209e19e00                Options.optimize_filters_for_hits: 0
2021/10/25-18:04:43.059252 209e19e00                Options.paranoid_file_checks: 0
2021/10/25-18:04:43.059253 209e19e00                Options.force_consistency_checks: 0
2021/10/25-18:04:43.059254 209e19e00                Options.report_bg_io_stats: 0
2021/10/25-18:04:43.059255 209e19e00                               Options.ttl: 2592000
2021/10/25-18:04:43.059256 209e19e00          Options.periodic_compaction_seconds: 0
2021/10/25-18:04:43.059868 209e19e00 [db/column_family.cc:580] --------------- Options for column family [RB]:
2021/10/25-18:04:43.059873 209e19e00               Options.comparator: leveldb.BytewiseComparator
2021/10/25-18:04:43.059874 209e19e00           Options.merge_operator: None
2021/10/25-18:04:43.059877 209e19e00        Options.compaction_filter: filter_outdated
2021/10/25-18:04:43.059878 209e19e00        Options.compaction_filter_factory: None
2021/10/25-18:04:43.059879 209e19e00  Options.sst_partitioner_factory: None
2021/10/25-18:04:43.059880 209e19e00         Options.memtable_factory: SkipListFactory
2021/10/25-18:04:43.059881 209e19e00            Options.table_factory: BlockBasedTable
2021/10/25-18:04:43.059896 209e19e00            table_factory options:   flush_block_policy_factory: FlushBlockBySizePolicyFactory (0x7fadc2c313c0)
  cache_index_and_filter_blocks: 0
  cache_index_and_filter_blocks_with_high_priority: 1
  pin_l0_filter_and_index_blocks_in_cache: 0
  pin_top_level_index_and_filter: 1
  index_type: 0
  data_block_index_type: 0
  index_shortening: 1
  data_block_hash_table_util_ratio: 0.750000
  hash_index_allow_collision: 1
  checksum: 1
  no_block_cache: 0
  block_cache: 0x7fadc2c31408
  block_cache_name: LRUCache
  block_cache_options:
    capacity : 8388608
    num_shard_bits : 4
    strict_capacity_limit : 0
    memory_allocator : None
    high_pri_pool_ratio: 0.000
  block_cache_compressed: 0x0
  persistent_cache: 0x0
  block_size: 4096
  block_size_deviation: 10
  block_restart_interval: 16
  index_block_restart_interval: 1
  metadata_block_size: 4096
  partition_filters: 0
  use_delta_encoding: 1
  filter_policy: nullptr
  whole_key_filtering: 1
  verify_compression: 0
  read_amp_bytes_per_bit: 0
  format_version: 4
  enable_index_compression: 1
  block_align: 0
2021/10/25-18:04:43.059901 209e19e00        Options.write_buffer_size: 67108864
2021/10/25-18:04:43.059902 209e19e00  Options.max_write_buffer_number: 2
2021/10/25-18:04:43.059903 209e19e00          Options.compression: NoCompression
2021/10/25-18:04:43.059904 209e19e00                  Options.bottommost_compression: Disabled
2021/10/25-18:04:43.059905 209e19e00       Options.prefix_extractor: nullptr
2021/10/25-18:04:43.059906 209e19e00   Options.memtable_insert_with_hint_prefix_extractor: nullptr
2021/10/25-18:04:43.059907 209e19e00             Options.num_levels: 7
2021/10/25-18:04:43.059908 209e19e00        Options.min_write_buffer_number_to_merge: 1
2021/10/25-18:04:43.059909 209e19e00     Options.max_write_buffer_number_to_maintain: 0
2021/10/25-18:04:43.059909 209e19e00     Options.max_write_buffer_size_to_maintain: 0
2021/10/25-18:04:43.059910 209e19e00            Options.bottommost_compression_opts.window_bits: -14
2021/10/25-18:04:43.059911 209e19e00                  Options.bottommost_compression_opts.level: 32767
2021/10/25-18:04:43.059912 209e19e00               Options.bottommost_compression_opts.strategy: 0
2021/10/25-18:04:43.059913 209e19e00         Options.bottommost_compression_opts.max_dict_bytes: 0
2021/10/25-18:04:43.059914 209e19e00         Options.bottommost_compression_opts.zstd_max_train_bytes: 0
2021/10/25-18:04:43.059915 209e19e00         Options.bottommost_compression_opts.parallel_threads: 1
2021/10/25-18:04:43.059916 209e19e00                  Options.bottommost_compression_opts.enabled: false
2021/10/25-18:04:43.059933 209e19e00            Options.compression_opts.window_bits: -14
2021/10/25-18:04:43.059934 209e19e00                  Options.compression_opts.level: 32767
2021/10/25-18:04:43.059935 209e19e00               Options.compression_opts.strategy: 0
2021/10/25-18:04:43.059936 209e19e00         Options.compression_opts.max_dict_bytes: 0
2021/10/25-18:04:43.059937 209e19e00         Options.compression_opts.zstd_max_train_bytes: 0
2021/10/25-18:04:43.059938 209e19e00         Options.compression_opts.parallel_threads: 1
2021/10/25-18:04:43.059939 209e19e00                  Options.compression_opts.enabled: false
2021/10/25-18:04:43.059940 209e19e00      Options.level0_file_num_compaction_trigger: 4
2021/10/25-18:04:43.059940 209e19e00          Options.level0_slowdown_writes_trigger: 20
2021/10/25-18:04:43.059941 209e19e00              Options.level0_stop_writes_trigger: 36
2021/10/25-18:04:43.059942 209e19e00                   Options.target_file_size_base: 67108864
2021/10/25-18:04:43.059943 209e19e00             Options.target_file_size_multiplier: 1
2021/10/25-18:04:43.059944 209e19e00                Options.max_bytes_for_level_base: 268435456
2021/10/25-18:04:43.059945 209e19e00 Options.level_compaction_dynamic_level_bytes: 0
2021/10/25-18:04:43.059946 209e19e00          Options.max_bytes_for_level_multiplier: 10.000000
2021/10/25-18:04:43.059947 209e19e00 Options.max_bytes_for_level_multiplier_addtl[0]: 1
2021/10/25-18:04:43.059948 209e19e00 Options.max_bytes_for_level_multiplier_addtl[1]: 1
2021/10/25-18:04:43.059949 209e19e00 Options.max_bytes_for_level_multiplier_addtl[2]: 1
2021/10/25-18:04:43.059950 209e19e00 Options.max_bytes_for_level_multiplier_addtl[3]: 1
2021/10/25-18:04:43.059951 209e19e00 Options.max_bytes_for_level_multiplier_addtl[4]: 1
2021/10/25-18:04:43.059952 209e19e00 Options.max_bytes_for_level_multiplier_addtl[5]: 1
2021/10/25-18:04:43.059953 209e19e00 Options.max_bytes_for_level_multiplier_addtl[6]: 1
2021/10/25-18:04:43.059953 209e19e00       Options.max_sequential_skip_in_iterations: 8
2021/10/25-18:04:43.059954 209e19e00                    Options.max_compaction_bytes: 1677721600
2021/10/25-18:04:43.059955 209e19e00                        Options.arena_block_size: 8388608
2021/10/25-18:04:43.059956 209e19e00   Options.soft_pending_compaction_bytes_limit: 68719476736
2021/10/25-18:04:43.059957 209e19e00   Options.hard_pending_compaction_bytes_limit: 274877906944
2021/10/25-18:04:43.059958 209e19e00       Options.rate_limit_delay_max_milliseconds: 100
2021/10/25-18:04:43.059959 209e19e00                Options.disable_auto_compactions: 1
2021/10/25-18:04:43.059960 209e19e00                        Options.compaction_style: kCompactionStyleLevel
2021/10/25-18:04:43.059961 209e19e00                          Options.compaction_pri: kMinOverlappingRatio
2021/10/25-18:04:43.059962 209e19e00 Options.compaction_options_universal.size_ratio: 1
2021/10/25-18:04:43.059963 209e19e00 Options.compaction_options_universal.min_merge_width: 2
2021/10/25-18:04:43.059963 209e19e00 Options.compaction_options_universal.max_merge_width: 4294967295
2021/10/25-18:04:43.059964 209e19e00 Options.compaction_options_universal.max_size_amplification_percent: 200
2021/10/25-18:04:43.059965 209e19e00 Options.compaction_options_universal.compression_size_percent: -1
2021/10/25-18:04:43.059967 209e19e00 Options.compaction_options_universal.stop_style: kCompactionStopStyleTotalSize
2021/10/25-18:04:43.059967 209e19e00 Options.compaction_options_fifo.max_table_files_size: 1073741824
2021/10/25-18:04:43.059968 209e19e00 Options.compaction_options_fifo.allow_compaction: 0
2021/10/25-18:04:43.059970 209e19e00                   Options.table_properties_collectors: 
2021/10/25-18:04:43.059971 209e19e00                   Options.inplace_update_support: 0
2021/10/25-18:04:43.059972 209e19e00                 Options.inplace_update_num_locks: 10000
2021/10/25-18:04:43.059973 209e19e00               Options.memtable_prefix_bloom_size_ratio: 0.000000
2021/10/25-18:04:43.059974 209e19e00               Options.memtable_whole_key_filtering: 0
2021/10/25-18:04:43.059983 209e19e00   Options.memtable_huge_page_size: 0
2021/10/25-18:04:43.059984 209e19e00                           Options.bloom_locality: 0
2021/10/25-18:04:43.059985 209e19e00                    Options.max_successive_merges: 0
2021/10/25-18:04:43.059986 209e19e00                Options.optimize_filters_for_hits: 0
2021/10/25-18:04:43.059987 209e19e00                Options.paranoid_file_checks: 0
2021/10/25-18:04:43.059988 209e19e00                Options.force_consistency_checks: 0
2021/10/25-18:04:43.059989 209e19e00                Options.report_bg_io_stats: 0
2021/10/25-18:04:43.059990 209e19e00                               Options.ttl: 2592000
2021/10/25-18:04:43.059990 209e19e00          Options.periodic_compaction_seconds: 2592000
2021/10/25-18:04:43.060040 209e19e00 [db/column_family.cc:580] --------------- Options for column family [FZ]:
2021/10/25-18:04:43.060042 209e19e00               Options.comparator: leveldb.BytewiseComparator
2021/10/25-18:04:43.060043 209e19e00           Options.merge_operator: None
2021/10/25-18:04:43.060044 209e19e00        Options.compaction_filter: filter_outdated
2021/10/25-18:04:43.060044 209e19e00        Options.compaction_filter_factory: None
2021/10/25-18:04:43.060045 209e19e00  Options.sst_partitioner_factory: None
2021/10/25-18:04:43.060046 209e19e00         Options.memtable_factory: SkipListFactory
2021/10/25-18:04:43.060047 209e19e00            Options.table_factory: BlockBasedTable
2021/10/25-18:04:43.060058 209e19e00            table_factory options:   flush_block_policy_factory: FlushBlockBySizePolicyFactory (0x7fadc2c31f80)
  cache_index_and_filter_blocks: 0
  cache_index_and_filter_blocks_with_high_priority: 1
  pin_l0_filter_and_index_blocks_in_cache: 0
  pin_top_level_index_and_filter: 1
  index_type: 0
  data_block_index_type: 0
  index_shortening: 1
  data_block_hash_table_util_ratio: 0.750000
  hash_index_allow_collision: 1
  checksum: 1
  no_block_cache: 0
  block_cache: 0x7fadc2c31fc8
  block_cache_name: LRUCache
  block_cache_options:
    capacity : 8388608
    num_shard_bits : 4
    strict_capacity_limit : 0
    memory_allocator : None
    high_pri_pool_ratio: 0.000
  block_cache_compressed: 0x0
  persistent_cache: 0x0
  block_size: 4096
  block_size_deviation: 10
  block_restart_interval: 16
  index_block_restart_interval: 1
  metadata_block_size: 4096
  partition_filters: 0
  use_delta_encoding: 1
  filter_policy: nullptr
  whole_key_filtering: 1
  verify_compression: 0
  read_amp_bytes_per_bit: 0
  format_version: 4
  enable_index_compression: 1
  block_align: 0
2021/10/25-18:04:43.060060 209e19e00        Options.write_buffer_size: 67108864
2021/10/25-18:04:43.060060 209e19e00  Options.max_write_buffer_number: 2
2021/10/25-18:04:43.060061 209e19e00          Options.compression: NoCompression
2021/10/25-18:04:43.060062 209e19e00                  Options.bottommost_compression: Disabled
2021/10/25-18:04:43.060063 209e19e00       Options.prefix_extractor: nullptr
2021/10/25-18:04:43.060064 209e19e00   Options.memtable_insert_with_hint_prefix_extractor: nullptr
2021/10/25-18:04:43.060065 209e19e00             Options.num_levels: 7
2021/10/25-18:04:43.060066 209e19e00        Options.min_write_buffer_number_to_merge: 1
2021/10/25-18:04:43.060067 209e19e00     Options.max_write_buffer_number_to_maintain: 0
2021/10/25-18:04:43.060068 209e19e00     Options.max_write_buffer_size_to_maintain: 0
2021/10/25-18:04:43.060069 209e19e00            Options.bottommost_compression_opts.window_bits: -14
2021/10/25-18:04:43.060070 209e19e00                  Options.bottommost_compression_opts.level: 32767
2021/10/25-18:04:43.060070 209e19e00               Options.bottommost_compression_opts.strategy: 0
2021/10/25-18:04:43.060071 209e19e00         Options.bottommost_compression_opts.max_dict_bytes: 0
2021/10/25-18:04:43.060072 209e19e00         Options.bottommost_compression_opts.zstd_max_train_bytes: 0
2021/10/25-18:04:43.060073 209e19e00         Options.bottommost_compression_opts.parallel_threads: 1
2021/10/25-18:04:43.060083 209e19e00                  Options.bottommost_compression_opts.enabled: false
2021/10/25-18:04:43.060084 209e19e00            Options.compression_opts.window_bits: -14
2021/10/25-18:04:43.060085 209e19e00                  Options.compression_opts.level: 32767
2021/10/25-18:04:43.060086 209e19e00               Options.compression_opts.strategy: 0
2021/10/25-18:04:43.060087 209e19e00         Options.compression_opts.max_dict_bytes: 0
2021/10/25-18:04:43.060088 209e19e00         Options.compression_opts.zstd_max_train_bytes: 0
2021/10/25-18:04:43.060089 209e19e00         Options.compression_opts.parallel_threads: 1
2021/10/25-18:04:43.060090 209e19e00                  Options.compression_opts.enabled: false
2021/10/25-18:04:43.060091 209e19e00      Options.level0_file_num_compaction_trigger: 4
2021/10/25-18:04:43.060091 209e19e00          Options.level0_slowdown_writes_trigger: 20
2021/10/25-18:04:43.060092 209e19e00              Options.level0_stop_writes_trigger: 36
2021/10/25-18:04:43.060093 209e19e00                   Options.target_file_size_base: 67108864
2021/10/25-18:04:43.060094 209e19e00             Options.target_file_size_multiplier: 1
2021/10/25-18:04:43.060095 209e19e00                Options.max_bytes_for_level_base: 268435456
2021/10/25-18:04:43.060096 209e19e00 Options.level_compaction_dynamic_level_bytes: 0
2021/10/25-18:04:43.060097 209e19e00          Options.max_bytes_for_level_multiplier: 10.000000
2021/10/25-18:04:43.060098 209e19e00 Options.max_bytes_for_level_multiplier_addtl[0]: 1
2021/10/25-18:04:43.060099 209e19e00 Options.max_bytes_for_level_multiplier_addtl[1]: 1
2021/10/25-18:04:43.060100 209e19e00 Options.max_bytes_for_level_multiplier_addtl[2]: 1
2021/10/25-18:04:43.060100 209e19e00 Options.max_bytes_for_level_multiplier_addtl[3]: 1
2021/10/25-18:04:43.060101 209e19e00 Options.max_bytes_for_level_multiplier_addtl[4]: 1
2021/10/25-18:04:43.060102 209e19e00 Options.max_bytes_for_level_multiplier_addtl[5]: 1
2021/10/25-18:04:43.060103 209e19e00 Options.max_bytes_for_level_multiplier_addtl[6]: 1
2021/10/25-18:04:43.060104 209e19e00       Options.max_sequential_skip_in_iterations: 8
2021/10/25-18:04:43.060105 209e19e00                    Options.max_compaction_bytes: 1677721600
2021/10/25-18:04:43.060106 209e19e00                        Options.arena_block_size: 8388608
2021/10/25-18:04:43.060107 209e19e00   Options.soft_pending_compaction_bytes_limit: 68719476736
2021/10/25-18:04:43.060108 209e19e00   Options.hard_pending_compaction_bytes_limit: 274877906944
2021/10/25-18:04:43.060108 209e19e00       Options.rate_limit_delay_max_milliseconds: 100
2021/10/25-18:04:43.060109 209e19e00                Options.disable_auto_compactions: 1
2021/10/25-18:04:43.060110 209e19e00                        Options.compaction_style: kCompactionStyleLevel
2021/10/25-18:04:43.060111 209e19e00                          Options.compaction_pri: kMinOverlappingRatio
2021/10/25-18:04:43.060112 209e19e00 Options.compaction_options_universal.size_ratio: 1
2021/10/25-18:04:43.060113 209e19e00 Options.compaction_options_universal.min_merge_width: 2
2021/10/25-18:04:43.060114 209e19e00 Options.compaction_options_universal.max_merge_width: 4294967295
2021/10/25-18:04:43.060115 209e19e00 Options.compaction_options_universal.max_size_amplification_percent: 200
2021/10/25-18:04:43.060116 209e19e00 Options.compaction_options_universal.compression_size_percent: -1
2021/10/25-18:04:43.060117 209e19e00 Options.compaction_options_universal.stop_style: kCompactionStopStyleTotalSize
2021/10/25-18:04:43.060118 209e19e00 Options.compaction_options_fifo.max_table_files_size: 1073741824
2021/10/25-18:04:43.060119 209e19e00 Options.compaction_options_fifo.allow_compaction: 0
2021/10/25-18:04:43.060120 209e19e00                   Options.table_properties_collectors: 
2021/10/25-18:04:43.060121 209e19e00                   Options.inplace_update_support: 0
2021/10/25-18:04:43.060121 209e19e00                 Options.inplace_update_num_locks: 10000
2021/10/25-18:04:43.060122 209e19e00               Options.memtable_prefix_bloom_size_ratio: 0.000000
2021/10/25-18:04:43.060132 209e19e00               Options.memtable_whole_key_filtering: 0
2021/10/25-18:04:43.060133 209e19e00   Options.memtable_huge_page_size: 0
2021/10/25-18:04:43.060134 209e19e00                           Options.bloom_locality: 0
2021/10/25-18:04:43.060135 209e19e00                    Options.max_successive_merges: 0
2021/10/25-18:04:43.060136 209e19e00                Options.optimize_filters_for_hits: 0
2021/10/25-18:04:43.060136 209e19e00                Options.paranoid_file_checks: 0
2021/10/25-18:04:43.060137 209e19e00                Options.force_consistency_checks: 0
2021/10/25-18:04:43.060138 209e19e00                Options.report_bg_io_stats: 0
2021/10/25-18:04:43.060139 209e19e00                               Options.ttl: 2592000
2021/10/25-18:04:43.060140 209e19e00          Options.periodic_compaction_seconds: 2592000
2021/10/25-18:04:43.060165 209e19e00 [db/column_family.cc:580] --------------- Options for column family [NZ]:
2021/10/25-18:04:43.060167 209e19e00               Options.comparator: leveldb.BytewiseComparator
2021/10/25-18:04:43.060168 209e19e00           Options.merge_operator: None
2021/10/25-18:04:43.060169 209e19e00        Options.compaction_filter: filter_outdated
2021/10/25-18:04:43.060170 209e19e00        Options.compaction_filter_factory: None
2021/10/25-18:04:43.060170 209e19e00  Options.sst_partitioner_factory: None
2021/10/25-18:04:43.060171 209e19e00         Options.memtable_factory: SkipListFactory
2021/10/25-18:04:43.060172 209e19e00            Options.table_factory: BlockBasedTable
2021/10/25-18:04:43.060182 209e19e00            table_factory options:   flush_block_policy_factory: FlushBlockBySizePolicyFactory (0x7fadc2c32b40)
  cache_index_and_filter_blocks: 0
  cache_index_and_filter_blocks_with_high_priority: 1
  pin_l0_filter_and_index_blocks_in_cache: 0
  pin_top_level_index_and_filter: 1
  index_type: 0
  data_block_index_type: 0
  index_shortening: 1
  data_block_hash_table_util_ratio: 0.750000
  hash_index_allow_collision: 1
  checksum: 1
  no_block_cache: 0
  block_cache: 0x7fadc2c32b88
  block_cache_name: LRUCache
  block_cache_options:
    capacity : 8388608
    num_shard_bits : 4
    strict_capacity_limit : 0
    memory_allocator : None
    high_pri_pool_ratio: 0.000
  block_cache_compressed: 0x0
  persistent_cache: 0x0
  block_size: 4096
  block_size_deviation: 10
  block_restart_interval: 16
  index_block_restart_interval: 1
  metadata_block_size: 4096
  partition_filters: 0
  use_delta_encoding: 1
  filter_policy: nullptr
  whole_key_filtering: 1
  verify_compression: 0
  read_amp_bytes_per_bit: 0
  format_version: 4
  enable_index_compression: 1
  block_align: 0
2021/10/25-18:04:43.060183 209e19e00        Options.write_buffer_size: 67108864
2021/10/25-18:04:43.060184 209e19e00  Options.max_write_buffer_number: 2
2021/10/25-18:04:43.060185 209e19e00          Options.compression: NoCompression
2021/10/25-18:04:43.060186 209e19e00                  Options.bottommost_compression: Disabled
2021/10/25-18:04:43.060187 209e19e00       Options.prefix_extractor: nullptr
2021/10/25-18:04:43.060187 209e19e00   Options.memtable_insert_with_hint_prefix_extractor: nullptr
2021/10/25-18:04:43.060188 209e19e00             Options.num_levels: 7
2021/10/25-18:04:43.060189 209e19e00        Options.min_write_buffer_number_to_merge: 1
2021/10/25-18:04:43.060190 209e19e00     Options.max_write_buffer_number_to_maintain: 0
2021/10/25-18:04:43.060191 209e19e00     Options.max_write_buffer_size_to_maintain: 0
2021/10/25-18:04:43.060192 209e19e00            Options.bottommost_compression_opts.window_bits: -14
2021/10/25-18:04:43.060193 209e19e00                  Options.bottommost_compression_opts.level: 32767
2021/10/25-18:04:43.060194 209e19e00               Options.bottommost_compression_opts.strategy: 0
2021/10/25-18:04:43.060194 209e19e00         Options.bottommost_compression_opts.max_dict_bytes: 0
2021/10/25-18:04:43.060195 209e19e00         Options.bottommost_compression_opts.zstd_max_train_bytes: 0
2021/10/25-18:04:43.060196 209e19e00         Options.bottommost_compression_opts.parallel_threads: 1
2021/10/25-18:04:43.060205 209e19e00                  Options.bottommost_compression_opts.enabled: false
2021/10/25-18:04:43.060206 209e19e00            Options.compression_opts.window_bits: -14
2021/10/25-18:04:43.060207 209e19e00                  Options.compression_opts.level: 32767
2021/10/25-18:04:43.060208 209e19e00               Options.compression_opts.strategy: 0
2021/10/25-18:04:43.060209 209e19e00         Options.compression_opts.max_dict_bytes: 0
2021/10/25-18:04:43.060210 209e19e00         Options.compression_opts.zstd_max_train_bytes: 0
2021/10/25-18:04:43.060211 209e19e00         Options.compression_opts.parallel_threads: 1
2021/10/25-18:04:43.060211 209e19e00                  Options.compression_opts.enabled: false
2021/10/25-18:04:43.060212 209e19e00      Options.level0_file_num_compaction_trigger: 4
2021/10/25-18:04:43.060213 209e19e00          Options.level0_slowdown_writes_trigger: 20
2021/10/25-18:04:43.060214 209e19e00              Options.level0_stop_writes_trigger: 36
2021/10/25-18:04:43.060215 209e19e00                   Options.target_file_size_base: 67108864
2021/10/25-18:04:43.060216 209e19e00             Options.target_file_size_multiplier: 1
2021/10/25-18:04:43.060217 209e19e00                Options.max_bytes_for_level_base: 268435456
2021/10/25-18:04:43.060217 209e19e00 Options.level_compaction_dynamic_level_bytes: 0
2021/10/25-18:04:43.060218 209e19e00          Options.max_bytes_for_level_multiplier: 10.000000
2021/10/25-18:04:43.060219 209e19e00 Options.max_bytes_for_level_multiplier_addtl[0]: 1
2021/10/25-18:04:43.060220 209e19e00 Options.max_bytes_for_level_multiplier_addtl[1]: 1
2021/10/25-18:04:43.060221 209e19e00 Options.max_bytes_for_level_multiplier_addtl[2]: 1
2021/10/25-18:04:43.060222 209e19e00 Options.max_bytes_for_level_multiplier_addtl[3]: 1
2021/10/25-18:04:43.060223 209e19e00 Options.max_bytes_for_level_multiplier_addtl[4]: 1
2021/10/25-18:04:43.060224 209e19e00 Options.max_bytes_for_level_multiplier_addtl[5]: 1
2021/10/25-18:04:43.060225 209e19e00 Options.max_bytes_for_level_multiplier_addtl[6]: 1
2021/10/25-18:04:43.060226 209e19e00       Options.max_sequential_skip_in_iterations: 8
2021/10/25-18:04:43.060226 209e19e00                    Options.max_compaction_bytes: 1677721600
2021/10/25-18:04:43.060227 209e19e00                        Options.arena_block_size: 8388608
2021/10/25-18:04:43.060228 209e19e00   Options.soft_pending_compaction_bytes_limit: 68719476736
2021/10/25-18:04:43.060229 209e19e00   Options.hard_pending_compaction_bytes_limit: 274877906944
2021/10/25-18:04:43.060230 209e19e00       Options.rate_limit_delay_max_milliseconds: 100
2021/10/25-18:04:43.060231 209e19e00                Options.disable_auto_compactions: 1
2021/10/25-18:04:43.060232 209e19e00                        Options.compaction_style: kCompactionStyleLevel
2021/10/25-18:04:43.060233 209e19e00                          Options.compaction_pri: kMinOverlappingRatio
