2021/10/21-12:34:31.646014 2099afe00 RocksDB version: 6.12.7
2021/10/21-12:34:31.646718 2099afe00 Git sha rocksdb_build_git_sha:@0@
2021/10/21-12:34:31.646723 2099afe00 Compile date Jul 27 2021
2021/10/21-12:34:31.646744 2099afe00 DB SUMMARY
2021/10/21-12:34:31.646746 2099afe00 DB Session ID:  SGBAG65MTOGSS6NA1RD2
2021/10/21-12:34:31.646780 2099afe00 SST files in /Users/jessewilliams/Code/dfx-template-react/.dfx/state/replicated_state/node-100/ic_consensus_pool/consensus dir, Total Num: 0, files: 
2021/10/21-12:34:31.646782 2099afe00 Write Ahead Log file in /Users/jessewilliams/Code/dfx-template-react/.dfx/state/replicated_state/node-100/ic_consensus_pool/consensus: 
2021/10/21-12:34:31.646783 2099afe00                         Options.error_if_exists: 0
2021/10/21-12:34:31.646785 2099afe00                       Options.create_if_missing: 1
2021/10/21-12:34:31.646786 2099afe00                         Options.paranoid_checks: 1
2021/10/21-12:34:31.646787 2099afe00                                     Options.env: 0x1077b3e48
2021/10/21-12:34:31.646788 2099afe00                                      Options.fs: Posix File System
2021/10/21-12:34:31.646789 2099afe00                                Options.info_log: 0x7f883b52f5d0
2021/10/21-12:34:31.646790 2099afe00                Options.max_file_opening_threads: 16
2021/10/21-12:34:31.646790 2099afe00                              Options.statistics: 0x0
2021/10/21-12:34:31.646791 2099afe00                               Options.use_fsync: 1
2021/10/21-12:34:31.646792 2099afe00                       Options.max_log_file_size: 0
2021/10/21-12:34:31.646793 2099afe00                  Options.max_manifest_file_size: 1073741824
2021/10/21-12:34:31.646794 2099afe00                   Options.log_file_time_to_roll: 0
2021/10/21-12:34:31.646794 2099afe00                       Options.keep_log_file_num: 1000
2021/10/21-12:34:31.646795 2099afe00                    Options.recycle_log_file_num: 0
2021/10/21-12:34:31.646796 2099afe00                         Options.allow_fallocate: 1
2021/10/21-12:34:31.646797 2099afe00                        Options.allow_mmap_reads: 0
2021/10/21-12:34:31.646797 2099afe00                       Options.allow_mmap_writes: 0
2021/10/21-12:34:31.646798 2099afe00                        Options.use_direct_reads: 0
2021/10/21-12:34:31.646799 2099afe00                        Options.use_direct_io_for_flush_and_compaction: 0
2021/10/21-12:34:31.646800 2099afe00          Options.create_missing_column_families: 1
2021/10/21-12:34:31.646801 2099afe00                              Options.db_log_dir: 
2021/10/21-12:34:31.646801 2099afe00                                 Options.wal_dir: /Users/jessewilliams/Code/dfx-template-react/.dfx/state/replicated_state/node-100/ic_consensus_pool/consensus
2021/10/21-12:34:31.646802 2099afe00                Options.table_cache_numshardbits: 6
2021/10/21-12:34:31.646803 2099afe00                         Options.WAL_ttl_seconds: 0
2021/10/21-12:34:31.646804 2099afe00                       Options.WAL_size_limit_MB: 0
2021/10/21-12:34:31.646805 2099afe00                        Options.max_write_batch_group_size_bytes: 1048576
2021/10/21-12:34:31.646805 2099afe00             Options.manifest_preallocation_size: 4194304
2021/10/21-12:34:31.646806 2099afe00                     Options.is_fd_close_on_exec: 1
2021/10/21-12:34:31.646807 2099afe00                   Options.advise_random_on_open: 1
2021/10/21-12:34:31.646808 2099afe00                    Options.db_write_buffer_size: 0
2021/10/21-12:34:31.646808 2099afe00                    Options.write_buffer_manager: 0x7f883b52f580
2021/10/21-12:34:31.646809 2099afe00         Options.access_hint_on_compaction_start: 1
2021/10/21-12:34:31.646810 2099afe00  Options.new_table_reader_for_compaction_inputs: 0
2021/10/21-12:34:31.646811 2099afe00           Options.random_access_max_buffer_size: 1048576
2021/10/21-12:34:31.646811 2099afe00                      Options.use_adaptive_mutex: 0
2021/10/21-12:34:31.646812 2099afe00                            Options.rate_limiter: 0x0
2021/10/21-12:34:31.646816 2099afe00     Options.sst_file_manager.rate_bytes_per_sec: 0
2021/10/21-12:34:31.646827 2099afe00                       Options.wal_recovery_mode: 2
2021/10/21-12:34:31.646828 2099afe00                  Options.enable_thread_tracking: 0
2021/10/21-12:34:31.646829 2099afe00                  Options.enable_pipelined_write: 0
2021/10/21-12:34:31.646829 2099afe00                  Options.unordered_write: 0
2021/10/21-12:34:31.646830 2099afe00         Options.allow_concurrent_memtable_write: 1
2021/10/21-12:34:31.646831 2099afe00      Options.enable_write_thread_adaptive_yield: 1
2021/10/21-12:34:31.646832 2099afe00             Options.write_thread_max_yield_usec: 100
2021/10/21-12:34:31.646833 2099afe00            Options.write_thread_slow_yield_usec: 3
2021/10/21-12:34:31.646833 2099afe00                               Options.row_cache: None
2021/10/21-12:34:31.646835 2099afe00                              Options.wal_filter: None
2021/10/21-12:34:31.646838 2099afe00             Options.avoid_flush_during_recovery: 0
2021/10/21-12:34:31.646839 2099afe00             Options.allow_ingest_behind: 0
2021/10/21-12:34:31.646840 2099afe00             Options.preserve_deletes: 0
2021/10/21-12:34:31.646840 2099afe00             Options.two_write_queues: 0
2021/10/21-12:34:31.646841 2099afe00             Options.manual_wal_flush: 0
2021/10/21-12:34:31.646842 2099afe00             Options.atomic_flush: 0
2021/10/21-12:34:31.646843 2099afe00             Options.avoid_unnecessary_blocking_io: 0
2021/10/21-12:34:31.646843 2099afe00                 Options.persist_stats_to_disk: 0
2021/10/21-12:34:31.646844 2099afe00                 Options.write_dbid_to_manifest: 0
2021/10/21-12:34:31.646845 2099afe00                 Options.log_readahead_size: 0
2021/10/21-12:34:31.646846 2099afe00                 Options.file_checksum_gen_factory: Unknown
2021/10/21-12:34:31.646847 2099afe00                 Options.best_efforts_recovery: 0
2021/10/21-12:34:31.646848 2099afe00                Options.max_bgerror_resume_count: 2147483647
2021/10/21-12:34:31.646849 2099afe00            Options.bgerror_resume_retry_interval: 1000000
2021/10/21-12:34:31.646850 2099afe00             Options.max_background_jobs: 2
2021/10/21-12:34:31.646851 2099afe00             Options.max_background_compactions: -1
2021/10/21-12:34:31.646851 2099afe00             Options.max_subcompactions: 1
2021/10/21-12:34:31.646852 2099afe00             Options.avoid_flush_during_shutdown: 0
2021/10/21-12:34:31.646853 2099afe00           Options.writable_file_max_buffer_size: 1048576
2021/10/21-12:34:31.646854 2099afe00             Options.delayed_write_rate : 16777216
2021/10/21-12:34:31.646854 2099afe00             Options.max_total_wal_size: 0
2021/10/21-12:34:31.646855 2099afe00             Options.delete_obsolete_files_period_micros: 21600000000
2021/10/21-12:34:31.646856 2099afe00                   Options.stats_dump_period_sec: 600
2021/10/21-12:34:31.646857 2099afe00                 Options.stats_persist_period_sec: 600
2021/10/21-12:34:31.646857 2099afe00                 Options.stats_history_buffer_size: 1048576
2021/10/21-12:34:31.646858 2099afe00                          Options.max_open_files: -1
2021/10/21-12:34:31.646859 2099afe00                          Options.bytes_per_sync: 0
2021/10/21-12:34:31.646860 2099afe00                      Options.wal_bytes_per_sync: 0
2021/10/21-12:34:31.646860 2099afe00                   Options.strict_bytes_per_sync: 0
2021/10/21-12:34:31.646861 2099afe00       Options.compaction_readahead_size: 0
2021/10/21-12:34:31.646862 2099afe00                  Options.max_background_flushes: -1
2021/10/21-12:34:31.646863 2099afe00 Compression algorithms supported:
2021/10/21-12:34:31.647107 2099afe00 	kZSTD supported: 1
2021/10/21-12:34:31.647108 2099afe00 	kZlibCompression supported: 1
2021/10/21-12:34:31.647117 2099afe00 	kXpressCompression supported: 0
2021/10/21-12:34:31.647119 2099afe00 	kSnappyCompression supported: 1
2021/10/21-12:34:31.647119 2099afe00 	kZSTDNotFinalCompression supported: 1
2021/10/21-12:34:31.647120 2099afe00 	kLZ4HCCompression supported: 1
2021/10/21-12:34:31.647121 2099afe00 	kLZ4Compression supported: 1
2021/10/21-12:34:31.647130 2099afe00 	kBZip2Compression supported: 1
2021/10/21-12:34:31.647133 2099afe00 Fast CRC32 supported: Supported on x86
2021/10/21-12:34:31.647770 2099afe00 [db/db_impl/db_impl_open.cc:271] Creating manifest 1 
2021/10/21-12:34:31.648059 2099afe00 [db/version_set.cc:4560] Recovering from manifest file: /Users/jessewilliams/Code/dfx-template-react/.dfx/state/replicated_state/node-100/ic_consensus_pool/consensus/MANIFEST-000001
2021/10/21-12:34:31.648103 2099afe00 [db/column_family.cc:580] --------------- Options for column family [default]:
2021/10/21-12:34:31.648106 2099afe00               Options.comparator: leveldb.BytewiseComparator
2021/10/21-12:34:31.648107 2099afe00           Options.merge_operator: None
2021/10/21-12:34:31.648108 2099afe00        Options.compaction_filter: None
2021/10/21-12:34:31.648109 2099afe00        Options.compaction_filter_factory: None
2021/10/21-12:34:31.648110 2099afe00  Options.sst_partitioner_factory: None
2021/10/21-12:34:31.648110 2099afe00         Options.memtable_factory: SkipListFactory
2021/10/21-12:34:31.648111 2099afe00            Options.table_factory: BlockBasedTable
2021/10/21-12:34:31.648134 2099afe00            table_factory options:   flush_block_policy_factory: FlushBlockBySizePolicyFactory (0x7f883b52e600)
  cache_index_and_filter_blocks: 0
  cache_index_and_filter_blocks_with_high_priority: 1
  pin_l0_filter_and_index_blocks_in_cache: 0
  pin_top_level_index_and_filter: 1
  index_type: 0
  data_block_index_type: 0
  index_shortening: 1
  data_block_hash_table_util_ratio: 0.750000
  hash_index_allow_collision: 1
  checksum: 1
  no_block_cache: 0
  block_cache: 0x7f883b52e648
  block_cache_name: LRUCache
  block_cache_options:
    capacity : 8388608
    num_shard_bits : 4
    strict_capacity_limit : 0
    memory_allocator : None
    high_pri_pool_ratio: 0.000
  block_cache_compressed: 0x0
  persistent_cache: 0x0
  block_size: 4096
  block_size_deviation: 10
  block_restart_interval: 16
  index_block_restart_interval: 1
  metadata_block_size: 4096
  partition_filters: 0
  use_delta_encoding: 1
  filter_policy: nullptr
  whole_key_filtering: 1
  verify_compression: 0
  read_amp_bytes_per_bit: 0
  format_version: 4
  enable_index_compression: 1
  block_align: 0
2021/10/21-12:34:31.648137 2099afe00        Options.write_buffer_size: 67108864
2021/10/21-12:34:31.648138 2099afe00  Options.max_write_buffer_number: 2
2021/10/21-12:34:31.648143 2099afe00          Options.compression: Snappy
2021/10/21-12:34:31.648144 2099afe00                  Options.bottommost_compression: Disabled
2021/10/21-12:34:31.648144 2099afe00       Options.prefix_extractor: nullptr
2021/10/21-12:34:31.648145 2099afe00   Options.memtable_insert_with_hint_prefix_extractor: nullptr
2021/10/21-12:34:31.648146 2099afe00             Options.num_levels: 7
2021/10/21-12:34:31.648147 2099afe00        Options.min_write_buffer_number_to_merge: 1
2021/10/21-12:34:31.648148 2099afe00     Options.max_write_buffer_number_to_maintain: 0
2021/10/21-12:34:31.648149 2099afe00     Options.max_write_buffer_size_to_maintain: 0
2021/10/21-12:34:31.648149 2099afe00            Options.bottommost_compression_opts.window_bits: -14
2021/10/21-12:34:31.648150 2099afe00                  Options.bottommost_compression_opts.level: 32767
2021/10/21-12:34:31.648151 2099afe00               Options.bottommost_compression_opts.strategy: 0
2021/10/21-12:34:31.648152 2099afe00         Options.bottommost_compression_opts.max_dict_bytes: 0
2021/10/21-12:34:31.648153 2099afe00         Options.bottommost_compression_opts.zstd_max_train_bytes: 0
2021/10/21-12:34:31.648153 2099afe00         Options.bottommost_compression_opts.parallel_threads: 1
2021/10/21-12:34:31.648154 2099afe00                  Options.bottommost_compression_opts.enabled: false
2021/10/21-12:34:31.648155 2099afe00            Options.compression_opts.window_bits: -14
2021/10/21-12:34:31.648156 2099afe00                  Options.compression_opts.level: 32767
2021/10/21-12:34:31.648157 2099afe00               Options.compression_opts.strategy: 0
2021/10/21-12:34:31.648167 2099afe00         Options.compression_opts.max_dict_bytes: 0
2021/10/21-12:34:31.648167 2099afe00         Options.compression_opts.zstd_max_train_bytes: 0
2021/10/21-12:34:31.648168 2099afe00         Options.compression_opts.parallel_threads: 1
2021/10/21-12:34:31.648169 2099afe00                  Options.compression_opts.enabled: false
2021/10/21-12:34:31.648170 2099afe00      Options.level0_file_num_compaction_trigger: 4
2021/10/21-12:34:31.648171 2099afe00          Options.level0_slowdown_writes_trigger: 20
2021/10/21-12:34:31.648171 2099afe00              Options.level0_stop_writes_trigger: 36
2021/10/21-12:34:31.648172 2099afe00                   Options.target_file_size_base: 67108864
2021/10/21-12:34:31.648173 2099afe00             Options.target_file_size_multiplier: 1
2021/10/21-12:34:31.648174 2099afe00                Options.max_bytes_for_level_base: 268435456
2021/10/21-12:34:31.648175 2099afe00 Options.level_compaction_dynamic_level_bytes: 0
2021/10/21-12:34:31.648175 2099afe00          Options.max_bytes_for_level_multiplier: 10.000000
2021/10/21-12:34:31.648177 2099afe00 Options.max_bytes_for_level_multiplier_addtl[0]: 1
2021/10/21-12:34:31.648177 2099afe00 Options.max_bytes_for_level_multiplier_addtl[1]: 1
2021/10/21-12:34:31.648178 2099afe00 Options.max_bytes_for_level_multiplier_addtl[2]: 1
2021/10/21-12:34:31.648179 2099afe00 Options.max_bytes_for_level_multiplier_addtl[3]: 1
2021/10/21-12:34:31.648180 2099afe00 Options.max_bytes_for_level_multiplier_addtl[4]: 1
2021/10/21-12:34:31.648181 2099afe00 Options.max_bytes_for_level_multiplier_addtl[5]: 1
2021/10/21-12:34:31.648181 2099afe00 Options.max_bytes_for_level_multiplier_addtl[6]: 1
2021/10/21-12:34:31.648182 2099afe00       Options.max_sequential_skip_in_iterations: 8
2021/10/21-12:34:31.648183 2099afe00                    Options.max_compaction_bytes: 1677721600
2021/10/21-12:34:31.648184 2099afe00                        Options.arena_block_size: 8388608
2021/10/21-12:34:31.648184 2099afe00   Options.soft_pending_compaction_bytes_limit: 68719476736
2021/10/21-12:34:31.648185 2099afe00   Options.hard_pending_compaction_bytes_limit: 274877906944
2021/10/21-12:34:31.648186 2099afe00       Options.rate_limit_delay_max_milliseconds: 100
2021/10/21-12:34:31.648187 2099afe00                Options.disable_auto_compactions: 0
2021/10/21-12:34:31.648188 2099afe00                        Options.compaction_style: kCompactionStyleLevel
2021/10/21-12:34:31.648189 2099afe00                          Options.compaction_pri: kMinOverlappingRatio
2021/10/21-12:34:31.648190 2099afe00 Options.compaction_options_universal.size_ratio: 1
2021/10/21-12:34:31.648191 2099afe00 Options.compaction_options_universal.min_merge_width: 2
2021/10/21-12:34:31.648191 2099afe00 Options.compaction_options_universal.max_merge_width: 4294967295
2021/10/21-12:34:31.648192 2099afe00 Options.compaction_options_universal.max_size_amplification_percent: 200
2021/10/21-12:34:31.648193 2099afe00 Options.compaction_options_universal.compression_size_percent: -1
2021/10/21-12:34:31.648194 2099afe00 Options.compaction_options_universal.stop_style: kCompactionStopStyleTotalSize
2021/10/21-12:34:31.648195 2099afe00 Options.compaction_options_fifo.max_table_files_size: 1073741824
2021/10/21-12:34:31.648196 2099afe00 Options.compaction_options_fifo.allow_compaction: 0
2021/10/21-12:34:31.648201 2099afe00                   Options.table_properties_collectors: 
2021/10/21-12:34:31.648202 2099afe00                   Options.inplace_update_support: 0
2021/10/21-12:34:31.648202 2099afe00                 Options.inplace_update_num_locks: 10000
2021/10/21-12:34:31.648203 2099afe00               Options.memtable_prefix_bloom_size_ratio: 0.000000
2021/10/21-12:34:31.648204 2099afe00               Options.memtable_whole_key_filtering: 0
2021/10/21-12:34:31.648205 2099afe00   Options.memtable_huge_page_size: 0
2021/10/21-12:34:31.648206 2099afe00                           Options.bloom_locality: 0
2021/10/21-12:34:31.648206 2099afe00                    Options.max_successive_merges: 0
2021/10/21-12:34:31.648215 2099afe00                Options.optimize_filters_for_hits: 0
2021/10/21-12:34:31.648216 2099afe00                Options.paranoid_file_checks: 0
2021/10/21-12:34:31.648217 2099afe00                Options.force_consistency_checks: 0
2021/10/21-12:34:31.648217 2099afe00                Options.report_bg_io_stats: 0
2021/10/21-12:34:31.648218 2099afe00                               Options.ttl: 2592000
2021/10/21-12:34:31.648219 2099afe00          Options.periodic_compaction_seconds: 0
2021/10/21-12:34:31.655426 2099afe00 [db/version_set.cc:4718] Recovered from manifest file:/Users/jessewilliams/Code/dfx-template-react/.dfx/state/replicated_state/node-100/ic_consensus_pool/consensus/MANIFEST-000001 succeeded,manifest_file_number is 1, next_file_number is 3, last_sequence is 0, log_number is 0,prev_log_number is 0,max_column_family is 0,min_log_number_to_keep is 0
2021/10/21-12:34:31.655431 2099afe00 [db/version_set.cc:4727] Column family [default] (ID 0), log number is 0
2021/10/21-12:34:31.655779 2099afe00 [db/version_set.cc:3950] Creating manifest 4
2021/10/21-12:34:31.656293 2099afe00 [db/column_family.cc:580] --------------- Options for column family [RB]:
2021/10/21-12:34:31.656295 2099afe00               Options.comparator: leveldb.BytewiseComparator
2021/10/21-12:34:31.656296 2099afe00           Options.merge_operator: None
2021/10/21-12:34:31.656298 2099afe00        Options.compaction_filter: filter_outdated
2021/10/21-12:34:31.656298 2099afe00        Options.compaction_filter_factory: None
2021/10/21-12:34:31.656299 2099afe00  Options.sst_partitioner_factory: None
2021/10/21-12:34:31.656300 2099afe00         Options.memtable_factory: SkipListFactory
2021/10/21-12:34:31.656301 2099afe00            Options.table_factory: BlockBasedTable
2021/10/21-12:34:31.656314 2099afe00            table_factory options:   flush_block_policy_factory: FlushBlockBySizePolicyFactory (0x7f883b525880)
  cache_index_and_filter_blocks: 0
  cache_index_and_filter_blocks_with_high_priority: 1
  pin_l0_filter_and_index_blocks_in_cache: 0
  pin_top_level_index_and_filter: 1
  index_type: 0
  data_block_index_type: 0
  index_shortening: 1
  data_block_hash_table_util_ratio: 0.750000
  hash_index_allow_collision: 1
  checksum: 1
  no_block_cache: 0
  block_cache: 0x7f883b5258c8
  block_cache_name: LRUCache
  block_cache_options:
    capacity : 8388608
    num_shard_bits : 4
    strict_capacity_limit : 0
    memory_allocator : None
    high_pri_pool_ratio: 0.000
  block_cache_compressed: 0x0
  persistent_cache: 0x0
  block_size: 4096
  block_size_deviation: 10
  block_restart_interval: 16
  index_block_restart_interval: 1
  metadata_block_size: 4096
  partition_filters: 0
  use_delta_encoding: 1
  filter_policy: nullptr
  whole_key_filtering: 1
  verify_compression: 0
  read_amp_bytes_per_bit: 0
  format_version: 4
  enable_index_compression: 1
  block_align: 0
2021/10/21-12:34:31.656316 2099afe00        Options.write_buffer_size: 67108864
2021/10/21-12:34:31.656317 2099afe00  Options.max_write_buffer_number: 2
2021/10/21-12:34:31.656318 2099afe00          Options.compression: NoCompression
2021/10/21-12:34:31.656319 2099afe00                  Options.bottommost_compression: Disabled
2021/10/21-12:34:31.656320 2099afe00       Options.prefix_extractor: nullptr
2021/10/21-12:34:31.656320 2099afe00   Options.memtable_insert_with_hint_prefix_extractor: nullptr
2021/10/21-12:34:31.656321 2099afe00             Options.num_levels: 7
2021/10/21-12:34:31.656322 2099afe00        Options.min_write_buffer_number_to_merge: 1
2021/10/21-12:34:31.656323 2099afe00     Options.max_write_buffer_number_to_maintain: 0
2021/10/21-12:34:31.656324 2099afe00     Options.max_write_buffer_size_to_maintain: 0
2021/10/21-12:34:31.656324 2099afe00            Options.bottommost_compression_opts.window_bits: -14
2021/10/21-12:34:31.656325 2099afe00                  Options.bottommost_compression_opts.level: 32767
2021/10/21-12:34:31.656326 2099afe00               Options.bottommost_compression_opts.strategy: 0
2021/10/21-12:34:31.656327 2099afe00         Options.bottommost_compression_opts.max_dict_bytes: 0
2021/10/21-12:34:31.656328 2099afe00         Options.bottommost_compression_opts.zstd_max_train_bytes: 0
2021/10/21-12:34:31.656328 2099afe00         Options.bottommost_compression_opts.parallel_threads: 1
2021/10/21-12:34:31.656329 2099afe00                  Options.bottommost_compression_opts.enabled: false
2021/10/21-12:34:31.656330 2099afe00            Options.compression_opts.window_bits: -14
2021/10/21-12:34:31.656331 2099afe00                  Options.compression_opts.level: 32767
2021/10/21-12:34:31.656332 2099afe00               Options.compression_opts.strategy: 0
2021/10/21-12:34:31.656332 2099afe00         Options.compression_opts.max_dict_bytes: 0
2021/10/21-12:34:31.656333 2099afe00         Options.compression_opts.zstd_max_train_bytes: 0
2021/10/21-12:34:31.656334 2099afe00         Options.compression_opts.parallel_threads: 1
2021/10/21-12:34:31.656335 2099afe00                  Options.compression_opts.enabled: false
2021/10/21-12:34:31.656335 2099afe00      Options.level0_file_num_compaction_trigger: 4
2021/10/21-12:34:31.656344 2099afe00          Options.level0_slowdown_writes_trigger: 20
2021/10/21-12:34:31.656345 2099afe00              Options.level0_stop_writes_trigger: 36
2021/10/21-12:34:31.656346 2099afe00                   Options.target_file_size_base: 67108864
2021/10/21-12:34:31.656347 2099afe00             Options.target_file_size_multiplier: 1
2021/10/21-12:34:31.656347 2099afe00                Options.max_bytes_for_level_base: 268435456
2021/10/21-12:34:31.656348 2099afe00 Options.level_compaction_dynamic_level_bytes: 0
2021/10/21-12:34:31.656349 2099afe00          Options.max_bytes_for_level_multiplier: 10.000000
2021/10/21-12:34:31.656350 2099afe00 Options.max_bytes_for_level_multiplier_addtl[0]: 1
2021/10/21-12:34:31.656351 2099afe00 Options.max_bytes_for_level_multiplier_addtl[1]: 1
2021/10/21-12:34:31.656352 2099afe00 Options.max_bytes_for_level_multiplier_addtl[2]: 1
2021/10/21-12:34:31.656353 2099afe00 Options.max_bytes_for_level_multiplier_addtl[3]: 1
2021/10/21-12:34:31.656354 2099afe00 Options.max_bytes_for_level_multiplier_addtl[4]: 1
2021/10/21-12:34:31.656354 2099afe00 Options.max_bytes_for_level_multiplier_addtl[5]: 1
2021/10/21-12:34:31.656355 2099afe00 Options.max_bytes_for_level_multiplier_addtl[6]: 1
2021/10/21-12:34:31.656356 2099afe00       Options.max_sequential_skip_in_iterations: 8
2021/10/21-12:34:31.656357 2099afe00                    Options.max_compaction_bytes: 1677721600
2021/10/21-12:34:31.656358 2099afe00                        Options.arena_block_size: 8388608
2021/10/21-12:34:31.656358 2099afe00   Options.soft_pending_compaction_bytes_limit: 68719476736
2021/10/21-12:34:31.656359 2099afe00   Options.hard_pending_compaction_bytes_limit: 274877906944
2021/10/21-12:34:31.656360 2099afe00       Options.rate_limit_delay_max_milliseconds: 100
2021/10/21-12:34:31.656361 2099afe00                Options.disable_auto_compactions: 1
2021/10/21-12:34:31.656362 2099afe00                        Options.compaction_style: kCompactionStyleLevel
2021/10/21-12:34:31.656363 2099afe00                          Options.compaction_pri: kMinOverlappingRatio
2021/10/21-12:34:31.656364 2099afe00 Options.compaction_options_universal.size_ratio: 1
2021/10/21-12:34:31.656364 2099afe00 Options.compaction_options_universal.min_merge_width: 2
2021/10/21-12:34:31.656365 2099afe00 Options.compaction_options_universal.max_merge_width: 4294967295
2021/10/21-12:34:31.656366 2099afe00 Options.compaction_options_universal.max_size_amplification_percent: 200
2021/10/21-12:34:31.656367 2099afe00 Options.compaction_options_universal.compression_size_percent: -1
2021/10/21-12:34:31.656368 2099afe00 Options.compaction_options_universal.stop_style: kCompactionStopStyleTotalSize
2021/10/21-12:34:31.656369 2099afe00 Options.compaction_options_fifo.max_table_files_size: 1073741824
2021/10/21-12:34:31.656369 2099afe00 Options.compaction_options_fifo.allow_compaction: 0
2021/10/21-12:34:31.656371 2099afe00                   Options.table_properties_collectors: 
2021/10/21-12:34:31.656372 2099afe00                   Options.inplace_update_support: 0
2021/10/21-12:34:31.656373 2099afe00                 Options.inplace_update_num_locks: 10000
2021/10/21-12:34:31.656374 2099afe00               Options.memtable_prefix_bloom_size_ratio: 0.000000
2021/10/21-12:34:31.656374 2099afe00               Options.memtable_whole_key_filtering: 0
2021/10/21-12:34:31.656375 2099afe00   Options.memtable_huge_page_size: 0
2021/10/21-12:34:31.656376 2099afe00                           Options.bloom_locality: 0
2021/10/21-12:34:31.656377 2099afe00                    Options.max_successive_merges: 0
2021/10/21-12:34:31.656378 2099afe00                Options.optimize_filters_for_hits: 0
2021/10/21-12:34:31.656378 2099afe00                Options.paranoid_file_checks: 0
2021/10/21-12:34:31.656379 2099afe00                Options.force_consistency_checks: 0
2021/10/21-12:34:31.656380 2099afe00                Options.report_bg_io_stats: 0
2021/10/21-12:34:31.656381 2099afe00                               Options.ttl: 2592000
2021/10/21-12:34:31.656382 2099afe00          Options.periodic_compaction_seconds: 2592000
2021/10/21-12:34:31.656977 2099afe00 [db/db_impl/db_impl.cc:2563] Created column family [RB] (ID 1)
2021/10/21-12:34:31.661592 2099afe00 [db/column_family.cc:580] --------------- Options for column family [FZ]:
2021/10/21-12:34:31.661594 2099afe00               Options.comparator: leveldb.BytewiseComparator
2021/10/21-12:34:31.661595 2099afe00           Options.merge_operator: None
2021/10/21-12:34:31.661596 2099afe00        Options.compaction_filter: filter_outdated
2021/10/21-12:34:31.661597 2099afe00        Options.compaction_filter_factory: None
2021/10/21-12:34:31.661598 2099afe00  Options.sst_partitioner_factory: None
2021/10/21-12:34:31.661599 2099afe00         Options.memtable_factory: SkipListFactory
2021/10/21-12:34:31.661600 2099afe00            Options.table_factory: BlockBasedTable
2021/10/21-12:34:31.661615 2099afe00            table_factory options:   flush_block_policy_factory: FlushBlockBySizePolicyFactory (0x7f883b526440)
  cache_index_and_filter_blocks: 0
  cache_index_and_filter_blocks_with_high_priority: 1
  pin_l0_filter_and_index_blocks_in_cache: 0
  pin_top_level_index_and_filter: 1
  index_type: 0
  data_block_index_type: 0
  index_shortening: 1
  data_block_hash_table_util_ratio: 0.750000
  hash_index_allow_collision: 1
  checksum: 1
  no_block_cache: 0
  block_cache: 0x7f883b526488
  block_cache_name: LRUCache
  block_cache_options:
    capacity : 8388608
    num_shard_bits : 4
    strict_capacity_limit : 0
    memory_allocator : None
    high_pri_pool_ratio: 0.000
  block_cache_compressed: 0x0
  persistent_cache: 0x0
  block_size: 4096
  block_size_deviation: 10
  block_restart_interval: 16
  index_block_restart_interval: 1
  metadata_block_size: 4096
  partition_filters: 0
  use_delta_encoding: 1
  filter_policy: nullptr
  whole_key_filtering: 1
  verify_compression: 0
  read_amp_bytes_per_bit: 0
  format_version: 4
  enable_index_compression: 1
  block_align: 0
2021/10/21-12:34:31.661616 2099afe00        Options.write_buffer_size: 67108864
2021/10/21-12:34:31.661617 2099afe00  Options.max_write_buffer_number: 2
2021/10/21-12:34:31.661618 2099afe00          Options.compression: NoCompression
2021/10/21-12:34:31.661619 2099afe00                  Options.bottommost_compression: Disabled
2021/10/21-12:34:31.661620 2099afe00       Options.prefix_extractor: nullptr
2021/10/21-12:34:31.661621 2099afe00   Options.memtable_insert_with_hint_prefix_extractor: nullptr
2021/10/21-12:34:31.661621 2099afe00             Options.num_levels: 7
2021/10/21-12:34:31.661622 2099afe00        Options.min_write_buffer_number_to_merge: 1
2021/10/21-12:34:31.661623 2099afe00     Options.max_write_buffer_number_to_maintain: 0
2021/10/21-12:34:31.661624 2099afe00     Options.max_write_buffer_size_to_maintain: 0
2021/10/21-12:34:31.661625 2099afe00            Options.bottommost_compression_opts.window_bits: -14
2021/10/21-12:34:31.661626 2099afe00                  Options.bottommost_compression_opts.level: 32767
2021/10/21-12:34:31.661627 2099afe00               Options.bottommost_compression_opts.strategy: 0
2021/10/21-12:34:31.661627 2099afe00         Options.bottommost_compression_opts.max_dict_bytes: 0
2021/10/21-12:34:31.661628 2099afe00         Options.bottommost_compression_opts.zstd_max_train_bytes: 0
2021/10/21-12:34:31.661629 2099afe00         Options.bottommost_compression_opts.parallel_threads: 1
2021/10/21-12:34:31.661630 2099afe00                  Options.bottommost_compression_opts.enabled: false
2021/10/21-12:34:31.661631 2099afe00            Options.compression_opts.window_bits: -14
2021/10/21-12:34:31.661632 2099afe00                  Options.compression_opts.level: 32767
2021/10/21-12:34:31.661632 2099afe00               Options.compression_opts.strategy: 0
2021/10/21-12:34:31.661633 2099afe00         Options.compression_opts.max_dict_bytes: 0
2021/10/21-12:34:31.661634 2099afe00         Options.compression_opts.zstd_max_train_bytes: 0
2021/10/21-12:34:31.661635 2099afe00         Options.compression_opts.parallel_threads: 1
2021/10/21-12:34:31.661636 2099afe00                  Options.compression_opts.enabled: false
2021/10/21-12:34:31.661637 2099afe00      Options.level0_file_num_compaction_trigger: 4
2021/10/21-12:34:31.661646 2099afe00          Options.level0_slowdown_writes_trigger: 20
2021/10/21-12:34:31.661647 2099afe00              Options.level0_stop_writes_trigger: 36
2021/10/21-12:34:31.661648 2099afe00                   Options.target_file_size_base: 67108864
2021/10/21-12:34:31.661649 2099afe00             Options.target_file_size_multiplier: 1
2021/10/21-12:34:31.661649 2099afe00                Options.max_bytes_for_level_base: 268435456
2021/10/21-12:34:31.661650 2099afe00 Options.level_compaction_dynamic_level_bytes: 0
2021/10/21-12:34:31.661651 2099afe00          Options.max_bytes_for_level_multiplier: 10.000000
2021/10/21-12:34:31.661652 2099afe00 Options.max_bytes_for_level_multiplier_addtl[0]: 1
2021/10/21-12:34:31.661653 2099afe00 Options.max_bytes_for_level_multiplier_addtl[1]: 1
2021/10/21-12:34:31.661654 2099afe00 Options.max_bytes_for_level_multiplier_addtl[2]: 1
2021/10/21-12:34:31.661655 2099afe00 Options.max_bytes_for_level_multiplier_addtl[3]: 1
2021/10/21-12:34:31.661656 2099afe00 Options.max_bytes_for_level_multiplier_addtl[4]: 1
2021/10/21-12:34:31.661657 2099afe00 Options.max_bytes_for_level_multiplier_addtl[5]: 1
2021/10/21-12:34:31.661657 2099afe00 Options.max_bytes_for_level_multiplier_addtl[6]: 1
2021/10/21-12:34:31.661658 2099afe00       Options.max_sequential_skip_in_iterations: 8
2021/10/21-12:34:31.661659 2099afe00                    Options.max_compaction_bytes: 1677721600
2021/10/21-12:34:31.661660 2099afe00                        Options.arena_block_size: 8388608
2021/10/21-12:34:31.661661 2099afe00   Options.soft_pending_compaction_bytes_limit: 68719476736
2021/10/21-12:34:31.661662 2099afe00   Options.hard_pending_compaction_bytes_limit: 274877906944
2021/10/21-12:34:31.661663 2099afe00       Options.rate_limit_delay_max_milliseconds: 100
2021/10/21-12:34:31.661664 2099afe00                Options.disable_auto_compactions: 1
2021/10/21-12:34:31.661664 2099afe00                        Options.compaction_style: kCompactionStyleLevel
2021/10/21-12:34:31.661665 2099afe00                          Options.compaction_pri: kMinOverlappingRatio
2021/10/21-12:34:31.661666 2099afe00 Options.compaction_options_universal.size_ratio: 1
2021/10/21-12:34:31.661667 2099afe00 Options.compaction_options_universal.min_merge_width: 2
2021/10/21-12:34:31.661668 2099afe00 Options.compaction_options_universal.max_merge_width: 4294967295
2021/10/21-12:34:31.661669 2099afe00 Options.compaction_options_universal.max_size_amplification_percent: 200
2021/10/21-12:34:31.661670 2099afe00 Options.compaction_options_universal.compression_size_percent: -1
2021/10/21-12:34:31.661671 2099afe00 Options.compaction_options_universal.stop_style: kCompactionStopStyleTotalSize
2021/10/21-12:34:31.661672 2099afe00 Options.compaction_options_fifo.max_table_files_size: 1073741824
2021/10/21-12:34:31.661672 2099afe00 Options.compaction_options_fifo.allow_compaction: 0
2021/10/21-12:34:31.661674 2099afe00                   Options.table_properties_collectors: 
2021/10/21-12:34:31.661674 2099afe00                   Options.inplace_update_support: 0
2021/10/21-12:34:31.661675 2099afe00                 Options.inplace_update_num_locks: 10000
2021/10/21-12:34:31.661676 2099afe00               Options.memtable_prefix_bloom_size_ratio: 0.000000
2021/10/21-12:34:31.661677 2099afe00               Options.memtable_whole_key_filtering: 0
2021/10/21-12:34:31.661678 2099afe00   Options.memtable_huge_page_size: 0
2021/10/21-12:34:31.661679 2099afe00                           Options.bloom_locality: 0
2021/10/21-12:34:31.661680 2099afe00                    Options.max_successive_merges: 0
2021/10/21-12:34:31.661680 2099afe00                Options.optimize_filters_for_hits: 0
2021/10/21-12:34:31.661681 2099afe00                Options.paranoid_file_checks: 0
2021/10/21-12:34:31.661682 2099afe00                Options.force_consistency_checks: 0
2021/10/21-12:34:31.661683 2099afe00                Options.report_bg_io_stats: 0
2021/10/21-12:34:31.661684 2099afe00                               Options.ttl: 2592000
2021/10/21-12:34:31.661685 2099afe00          Options.periodic_compaction_seconds: 2592000
2021/10/21-12:34:31.661717 2099afe00 [db/db_impl/db_impl.cc:2563] Created column family [FZ] (ID 2)
2021/10/21-12:34:31.662912 2099afe00 [db/column_family.cc:580] --------------- Options for column family [NZ]:
2021/10/21-12:34:31.662914 2099afe00               Options.comparator: leveldb.BytewiseComparator
2021/10/21-12:34:31.662915 2099afe00           Options.merge_operator: None
2021/10/21-12:34:31.662916 2099afe00        Options.compaction_filter: filter_outdated
2021/10/21-12:34:31.662917 2099afe00        Options.compaction_filter_factory: None
2021/10/21-12:34:31.662917 2099afe00  Options.sst_partitioner_factory: None
2021/10/21-12:34:31.662918 2099afe00         Options.memtable_factory: SkipListFactory
2021/10/21-12:34:31.662919 2099afe00            Options.table_factory: BlockBasedTable
2021/10/21-12:34:31.662930 2099afe00            table_factory options:   flush_block_policy_factory: FlushBlockBySizePolicyFactory (0x7f883b527000)
  cache_index_and_filter_blocks: 0
  cache_index_and_filter_blocks_with_high_priority: 1
  pin_l0_filter_and_index_blocks_in_cache: 0
  pin_top_level_index_and_filter: 1
  index_type: 0
  data_block_index_type: 0
  index_shortening: 1
  data_block_hash_table_util_ratio: 0.750000
  hash_index_allow_collision: 1
  checksum: 1
  no_block_cache: 0
  block_cache: 0x7f883b527048
  block_cache_name: LRUCache
  block_cache_options:
    capacity : 8388608
    num_shard_bits : 4
    strict_capacity_limit : 0
    memory_allocator : None
    high_pri_pool_ratio: 0.000
  block_cache_compressed: 0x0
  persistent_cache: 0x0
  block_size: 4096
  block_size_deviation: 10
  block_restart_interval: 16
  index_block_restart_interval: 1
  metadata_block_size: 4096
  partition_filters: 0
  use_delta_encoding: 1
  filter_policy: nullptr
  whole_key_filtering: 1
  verify_compression: 0
  read_amp_bytes_per_bit: 0
  format_version: 4
  enable_index_compression: 1
  block_align: 0
2021/10/21-12:34:31.662935 2099afe00        Options.write_buffer_size: 67108864
2021/10/21-12:34:31.662935 2099afe00  Options.max_write_buffer_number: 2
2021/10/21-12:34:31.662936 2099afe00          Options.compression: NoCompression
2021/10/21-12:34:31.662937 2099afe00                  Options.bottommost_compression: Disabled
2021/10/21-12:34:31.662938 2099afe00       Options.prefix_extractor: nullptr
2021/10/21-12:34:31.662939 2099afe00   Options.memtable_insert_with_hint_prefix_extractor: nullptr
2021/10/21-12:34:31.662940 2099afe00             Options.num_levels: 7
2021/10/21-12:34:31.662941 2099afe00        Options.min_write_buffer_number_to_merge: 1
2021/10/21-12:34:31.662942 2099afe00     Options.max_write_buffer_number_to_maintain: 0
2021/10/21-12:34:31.662942 2099afe00     Options.max_write_buffer_size_to_maintain: 0
2021/10/21-12:34:31.662943 2099afe00            Options.bottommost_compression_opts.window_bits: -14
2021/10/21-12:34:31.662944 2099afe00                  Options.bottommost_compression_opts.level: 32767
2021/10/21-12:34:31.662945 2099afe00               Options.bottommost_compression_opts.strategy: 0
2021/10/21-12:34:31.662946 2099afe00         Options.bottommost_compression_opts.max_dict_bytes: 0
2021/10/21-12:34:31.662947 2099afe00         Options.bottommost_compression_opts.zstd_max_train_bytes: 0
2021/10/21-12:34:31.662948 2099afe00         Options.bottommost_compression_opts.parallel_threads: 1
2021/10/21-12:34:31.662948 2099afe00                  Options.bottommost_compression_opts.enabled: false
2021/10/21-12:34:31.662949 2099afe00            Options.compression_opts.window_bits: -14
2021/10/21-12:34:31.662950 2099afe00                  Options.compression_opts.level: 32767
2021/10/21-12:34:31.662951 2099afe00               Options.compression_opts.strategy: 0
2021/10/21-12:34:31.662952 2099afe00         Options.compression_opts.max_dict_bytes: 0
2021/10/21-12:34:31.662953 2099afe00         Options.compression_opts.zstd_max_train_bytes: 0
2021/10/21-12:34:31.662954 2099afe00         Options.compression_opts.parallel_threads: 1
2021/10/21-12:34:31.662954 2099afe00                  Options.compression_opts.enabled: false
2021/10/21-12:34:31.662955 2099afe00      Options.level0_file_num_compaction_trigger: 4
2021/10/21-12:34:31.662964 2099afe00          Options.level0_slowdown_writes_trigger: 20
2021/10/21-12:34:31.662965 2099afe00              Options.level0_stop_writes_trigger: 36
2021/10/21-12:34:31.662966 2099afe00                   Options.target_file_size_base: 67108864
2021/10/21-12:34:31.662966 2099afe00             Options.target_file_size_multiplier: 1
2021/10/21-12:34:31.662967 2099afe00                Options.max_bytes_for_level_base: 268435456
2021/10/21-12:34:31.662968 2099afe00 Options.level_compaction_dynamic_level_bytes: 0
2021/10/21-12:34:31.662969 2099afe00          Options.max_bytes_for_level_multiplier: 10.000000
2021/10/21-12:34:31.662970 2099afe00 Options.max_bytes_for_level_multiplier_addtl[0]: 1
2021/10/21-12:34:31.662971 2099afe00 Options.max_bytes_for_level_multiplier_addtl[1]: 1
2021/10/21-12:34:31.662972 2099afe00 Options.max_bytes_for_level_multiplier_addtl[2]: 1
2021/10/21-12:34:31.662973 2099afe00 Options.max_bytes_for_level_multiplier_addtl[3]: 1
2021/10/21-12:34:31.662974 2099afe00 Options.max_bytes_for_level_multiplier_addtl[4]: 1
2021/10/21-12:34:31.662975 2099afe00 Options.max_bytes_for_level_multiplier_addtl[5]: 1
2021/10/21-12:34:31.662975 2099afe00 Options.max_bytes_for_level_multiplier_addtl[6]: 1
2021/10/21-12:34:31.662976 2099afe00       Options.max_sequential_skip_in_iterations: 8
2021/10/21-12:34:31.662977 2099afe00                    Options.max_compaction_bytes: 1677721600
2021/10/21-12:34:31.662978 2099afe00                        Options.arena_block_size: 8388608
