2021/10/25-18:04:43.123512 209e19e00 RocksDB version: 6.12.7
2021/10/25-18:04:43.123536 209e19e00 Git sha rocksdb_build_git_sha:@0@
2021/10/25-18:04:43.123538 209e19e00 Compile date Jul 27 2021
2021/10/25-18:04:43.123548 209e19e00 DB SUMMARY
2021/10/25-18:04:43.123549 209e19e00 DB Session ID:  LP9R3UE3CS96IOWEYFF2
2021/10/25-18:04:43.123587 209e19e00 CURRENT file:  CURRENT
2021/10/25-18:04:43.123588 209e19e00 IDENTITY file:  IDENTITY
2021/10/25-18:04:43.123593 209e19e00 MANIFEST file:  MANIFEST-000147 size: 1784 Bytes
2021/10/25-18:04:43.123594 209e19e00 SST files in /Users/jessewilliams/Code/dfx-template-react/.dfx/state/replicated_state/node-100/ic_consensus_pool/certification dir, Total Num: 2, files: 000155.sst 000157.sst 
2021/10/25-18:04:43.123596 209e19e00 Write Ahead Log file in /Users/jessewilliams/Code/dfx-template-react/.dfx/state/replicated_state/node-100/ic_consensus_pool/certification: 000153.log size: 1189218 ; 
2021/10/25-18:04:43.123597 209e19e00                         Options.error_if_exists: 0
2021/10/25-18:04:43.123598 209e19e00                       Options.create_if_missing: 1
2021/10/25-18:04:43.123599 209e19e00                         Options.paranoid_checks: 1
2021/10/25-18:04:43.123599 209e19e00                                     Options.env: 0x107bc4e48
2021/10/25-18:04:43.123600 209e19e00                                      Options.fs: Posix File System
2021/10/25-18:04:43.123601 209e19e00                                Options.info_log: 0x7fadc2f65540
2021/10/25-18:04:43.123602 209e19e00                Options.max_file_opening_threads: 16
2021/10/25-18:04:43.123603 209e19e00                              Options.statistics: 0x0
2021/10/25-18:04:43.123603 209e19e00                               Options.use_fsync: 1
2021/10/25-18:04:43.123604 209e19e00                       Options.max_log_file_size: 0
2021/10/25-18:04:43.123605 209e19e00                  Options.max_manifest_file_size: 1073741824
2021/10/25-18:04:43.123606 209e19e00                   Options.log_file_time_to_roll: 0
2021/10/25-18:04:43.123606 209e19e00                       Options.keep_log_file_num: 1000
2021/10/25-18:04:43.123607 209e19e00                    Options.recycle_log_file_num: 0
2021/10/25-18:04:43.123608 209e19e00                         Options.allow_fallocate: 1
2021/10/25-18:04:43.123608 209e19e00                        Options.allow_mmap_reads: 0
2021/10/25-18:04:43.123609 209e19e00                       Options.allow_mmap_writes: 0
2021/10/25-18:04:43.123610 209e19e00                        Options.use_direct_reads: 0
2021/10/25-18:04:43.123610 209e19e00                        Options.use_direct_io_for_flush_and_compaction: 0
2021/10/25-18:04:43.123611 209e19e00          Options.create_missing_column_families: 1
2021/10/25-18:04:43.123612 209e19e00                              Options.db_log_dir: 
2021/10/25-18:04:43.123613 209e19e00                                 Options.wal_dir: /Users/jessewilliams/Code/dfx-template-react/.dfx/state/replicated_state/node-100/ic_consensus_pool/certification
2021/10/25-18:04:43.123613 209e19e00                Options.table_cache_numshardbits: 6
2021/10/25-18:04:43.123614 209e19e00                         Options.WAL_ttl_seconds: 0
2021/10/25-18:04:43.123615 209e19e00                       Options.WAL_size_limit_MB: 0
2021/10/25-18:04:43.123615 209e19e00                        Options.max_write_batch_group_size_bytes: 1048576
2021/10/25-18:04:43.123616 209e19e00             Options.manifest_preallocation_size: 4194304
2021/10/25-18:04:43.123617 209e19e00                     Options.is_fd_close_on_exec: 1
2021/10/25-18:04:43.123618 209e19e00                   Options.advise_random_on_open: 1
2021/10/25-18:04:43.123618 209e19e00                    Options.db_write_buffer_size: 0
2021/10/25-18:04:43.123619 209e19e00                    Options.write_buffer_manager: 0x7fadc2f65590
2021/10/25-18:04:43.123620 209e19e00         Options.access_hint_on_compaction_start: 1
2021/10/25-18:04:43.123620 209e19e00  Options.new_table_reader_for_compaction_inputs: 0
2021/10/25-18:04:43.123621 209e19e00           Options.random_access_max_buffer_size: 1048576
2021/10/25-18:04:43.123631 209e19e00                      Options.use_adaptive_mutex: 0
2021/10/25-18:04:43.123632 209e19e00                            Options.rate_limiter: 0x0
2021/10/25-18:04:43.123633 209e19e00     Options.sst_file_manager.rate_bytes_per_sec: 0
2021/10/25-18:04:43.123634 209e19e00                       Options.wal_recovery_mode: 2
2021/10/25-18:04:43.123635 209e19e00                  Options.enable_thread_tracking: 0
2021/10/25-18:04:43.123635 209e19e00                  Options.enable_pipelined_write: 0
2021/10/25-18:04:43.123636 209e19e00                  Options.unordered_write: 0
2021/10/25-18:04:43.123637 209e19e00         Options.allow_concurrent_memtable_write: 1
2021/10/25-18:04:43.123637 209e19e00      Options.enable_write_thread_adaptive_yield: 1
2021/10/25-18:04:43.123638 209e19e00             Options.write_thread_max_yield_usec: 100
2021/10/25-18:04:43.123639 209e19e00            Options.write_thread_slow_yield_usec: 3
2021/10/25-18:04:43.123640 209e19e00                               Options.row_cache: None
2021/10/25-18:04:43.123640 209e19e00                              Options.wal_filter: None
2021/10/25-18:04:43.123641 209e19e00             Options.avoid_flush_during_recovery: 0
2021/10/25-18:04:43.123642 209e19e00             Options.allow_ingest_behind: 0
2021/10/25-18:04:43.123642 209e19e00             Options.preserve_deletes: 0
2021/10/25-18:04:43.123643 209e19e00             Options.two_write_queues: 0
2021/10/25-18:04:43.123644 209e19e00             Options.manual_wal_flush: 0
2021/10/25-18:04:43.123644 209e19e00             Options.atomic_flush: 0
2021/10/25-18:04:43.123645 209e19e00             Options.avoid_unnecessary_blocking_io: 0
2021/10/25-18:04:43.123646 209e19e00                 Options.persist_stats_to_disk: 0
2021/10/25-18:04:43.123647 209e19e00                 Options.write_dbid_to_manifest: 0
2021/10/25-18:04:43.123647 209e19e00                 Options.log_readahead_size: 0
2021/10/25-18:04:43.123648 209e19e00                 Options.file_checksum_gen_factory: Unknown
2021/10/25-18:04:43.123649 209e19e00                 Options.best_efforts_recovery: 0
2021/10/25-18:04:43.123650 209e19e00                Options.max_bgerror_resume_count: 2147483647
2021/10/25-18:04:43.123650 209e19e00            Options.bgerror_resume_retry_interval: 1000000
2021/10/25-18:04:43.123651 209e19e00             Options.max_background_jobs: 2
2021/10/25-18:04:43.123652 209e19e00             Options.max_background_compactions: -1
2021/10/25-18:04:43.123653 209e19e00             Options.max_subcompactions: 1
2021/10/25-18:04:43.123653 209e19e00             Options.avoid_flush_during_shutdown: 0
2021/10/25-18:04:43.123654 209e19e00           Options.writable_file_max_buffer_size: 1048576
2021/10/25-18:04:43.123655 209e19e00             Options.delayed_write_rate : 16777216
2021/10/25-18:04:43.123655 209e19e00             Options.max_total_wal_size: 0
2021/10/25-18:04:43.123656 209e19e00             Options.delete_obsolete_files_period_micros: 21600000000
2021/10/25-18:04:43.123657 209e19e00                   Options.stats_dump_period_sec: 600
2021/10/25-18:04:43.123658 209e19e00                 Options.stats_persist_period_sec: 600
2021/10/25-18:04:43.123658 209e19e00                 Options.stats_history_buffer_size: 1048576
2021/10/25-18:04:43.123659 209e19e00                          Options.max_open_files: -1
2021/10/25-18:04:43.123660 209e19e00                          Options.bytes_per_sync: 0
2021/10/25-18:04:43.123661 209e19e00                      Options.wal_bytes_per_sync: 0
2021/10/25-18:04:43.123661 209e19e00                   Options.strict_bytes_per_sync: 0
2021/10/25-18:04:43.123662 209e19e00       Options.compaction_readahead_size: 0
2021/10/25-18:04:43.123663 209e19e00                  Options.max_background_flushes: -1
2021/10/25-18:04:43.123663 209e19e00 Compression algorithms supported:
2021/10/25-18:04:43.123664 209e19e00 	kZSTD supported: 1
2021/10/25-18:04:43.123665 209e19e00 	kZlibCompression supported: 1
2021/10/25-18:04:43.123666 209e19e00 	kXpressCompression supported: 0
2021/10/25-18:04:43.123673 209e19e00 	kSnappyCompression supported: 1
2021/10/25-18:04:43.123674 209e19e00 	kZSTDNotFinalCompression supported: 1
2021/10/25-18:04:43.123675 209e19e00 	kLZ4HCCompression supported: 1
2021/10/25-18:04:43.123675 209e19e00 	kLZ4Compression supported: 1
2021/10/25-18:04:43.123676 209e19e00 	kBZip2Compression supported: 1
2021/10/25-18:04:43.123677 209e19e00 Fast CRC32 supported: Supported on x86
2021/10/25-18:04:43.123946 209e19e00 [db/version_set.cc:4560] Recovering from manifest file: /Users/jessewilliams/Code/dfx-template-react/.dfx/state/replicated_state/node-100/ic_consensus_pool/certification/MANIFEST-000147
2021/10/25-18:04:43.123979 209e19e00 [db/column_family.cc:580] --------------- Options for column family [default]:
2021/10/25-18:04:43.123980 209e19e00               Options.comparator: leveldb.BytewiseComparator
2021/10/25-18:04:43.123981 209e19e00           Options.merge_operator: None
2021/10/25-18:04:43.123982 209e19e00        Options.compaction_filter: None
2021/10/25-18:04:43.123983 209e19e00        Options.compaction_filter_factory: None
2021/10/25-18:04:43.123984 209e19e00  Options.sst_partitioner_factory: None
2021/10/25-18:04:43.123984 209e19e00         Options.memtable_factory: SkipListFactory
2021/10/25-18:04:43.123985 209e19e00            Options.table_factory: BlockBasedTable
2021/10/25-18:04:43.124002 209e19e00            table_factory options:   flush_block_policy_factory: FlushBlockBySizePolicyFactory (0x7fadc2f624a0)
  cache_index_and_filter_blocks: 0
  cache_index_and_filter_blocks_with_high_priority: 1
  pin_l0_filter_and_index_blocks_in_cache: 0
  pin_top_level_index_and_filter: 1
  index_type: 0
  data_block_index_type: 0
  index_shortening: 1
  data_block_hash_table_util_ratio: 0.750000
  hash_index_allow_collision: 1
  checksum: 1
  no_block_cache: 0
  block_cache: 0x7fadc2f64998
  block_cache_name: LRUCache
  block_cache_options:
    capacity : 8388608
    num_shard_bits : 4
    strict_capacity_limit : 0
    memory_allocator : None
    high_pri_pool_ratio: 0.000
  block_cache_compressed: 0x0
  persistent_cache: 0x0
  block_size: 4096
  block_size_deviation: 10
  block_restart_interval: 16
  index_block_restart_interval: 1
  metadata_block_size: 4096
  partition_filters: 0
  use_delta_encoding: 1
  filter_policy: nullptr
  whole_key_filtering: 1
  verify_compression: 0
  read_amp_bytes_per_bit: 0
  format_version: 4
  enable_index_compression: 1
  block_align: 0
2021/10/25-18:04:43.124003 209e19e00        Options.write_buffer_size: 67108864
2021/10/25-18:04:43.124004 209e19e00  Options.max_write_buffer_number: 2
2021/10/25-18:04:43.124005 209e19e00          Options.compression: Snappy
2021/10/25-18:04:43.124006 209e19e00                  Options.bottommost_compression: Disabled
2021/10/25-18:04:43.124007 209e19e00       Options.prefix_extractor: nullptr
2021/10/25-18:04:43.124007 209e19e00   Options.memtable_insert_with_hint_prefix_extractor: nullptr
2021/10/25-18:04:43.124008 209e19e00             Options.num_levels: 7
2021/10/25-18:04:43.124009 209e19e00        Options.min_write_buffer_number_to_merge: 1
2021/10/25-18:04:43.124010 209e19e00     Options.max_write_buffer_number_to_maintain: 0
2021/10/25-18:04:43.124010 209e19e00     Options.max_write_buffer_size_to_maintain: 0
2021/10/25-18:04:43.124011 209e19e00            Options.bottommost_compression_opts.window_bits: -14
2021/10/25-18:04:43.124012 209e19e00                  Options.bottommost_compression_opts.level: 32767
2021/10/25-18:04:43.124013 209e19e00               Options.bottommost_compression_opts.strategy: 0
2021/10/25-18:04:43.124013 209e19e00         Options.bottommost_compression_opts.max_dict_bytes: 0
2021/10/25-18:04:43.124014 209e19e00         Options.bottommost_compression_opts.zstd_max_train_bytes: 0
2021/10/25-18:04:43.124015 209e19e00         Options.bottommost_compression_opts.parallel_threads: 1
2021/10/25-18:04:43.124016 209e19e00                  Options.bottommost_compression_opts.enabled: false
2021/10/25-18:04:43.124016 209e19e00            Options.compression_opts.window_bits: -14
2021/10/25-18:04:43.124026 209e19e00                  Options.compression_opts.level: 32767
2021/10/25-18:04:43.124027 209e19e00               Options.compression_opts.strategy: 0
2021/10/25-18:04:43.124027 209e19e00         Options.compression_opts.max_dict_bytes: 0
2021/10/25-18:04:43.124028 209e19e00         Options.compression_opts.zstd_max_train_bytes: 0
2021/10/25-18:04:43.124029 209e19e00         Options.compression_opts.parallel_threads: 1
2021/10/25-18:04:43.124030 209e19e00                  Options.compression_opts.enabled: false
2021/10/25-18:04:43.124030 209e19e00      Options.level0_file_num_compaction_trigger: 4
2021/10/25-18:04:43.124031 209e19e00          Options.level0_slowdown_writes_trigger: 20
2021/10/25-18:04:43.124032 209e19e00              Options.level0_stop_writes_trigger: 36
2021/10/25-18:04:43.124032 209e19e00                   Options.target_file_size_base: 67108864
2021/10/25-18:04:43.124033 209e19e00             Options.target_file_size_multiplier: 1
2021/10/25-18:04:43.124034 209e19e00                Options.max_bytes_for_level_base: 268435456
2021/10/25-18:04:43.124035 209e19e00 Options.level_compaction_dynamic_level_bytes: 0
2021/10/25-18:04:43.124035 209e19e00          Options.max_bytes_for_level_multiplier: 10.000000
2021/10/25-18:04:43.124036 209e19e00 Options.max_bytes_for_level_multiplier_addtl[0]: 1
2021/10/25-18:04:43.124037 209e19e00 Options.max_bytes_for_level_multiplier_addtl[1]: 1
2021/10/25-18:04:43.124038 209e19e00 Options.max_bytes_for_level_multiplier_addtl[2]: 1
2021/10/25-18:04:43.124039 209e19e00 Options.max_bytes_for_level_multiplier_addtl[3]: 1
2021/10/25-18:04:43.124040 209e19e00 Options.max_bytes_for_level_multiplier_addtl[4]: 1
2021/10/25-18:04:43.124040 209e19e00 Options.max_bytes_for_level_multiplier_addtl[5]: 1
2021/10/25-18:04:43.124041 209e19e00 Options.max_bytes_for_level_multiplier_addtl[6]: 1
2021/10/25-18:04:43.124042 209e19e00       Options.max_sequential_skip_in_iterations: 8
2021/10/25-18:04:43.124042 209e19e00                    Options.max_compaction_bytes: 1677721600
2021/10/25-18:04:43.124043 209e19e00                        Options.arena_block_size: 8388608
2021/10/25-18:04:43.124044 209e19e00   Options.soft_pending_compaction_bytes_limit: 68719476736
2021/10/25-18:04:43.124045 209e19e00   Options.hard_pending_compaction_bytes_limit: 274877906944
2021/10/25-18:04:43.124045 209e19e00       Options.rate_limit_delay_max_milliseconds: 100
2021/10/25-18:04:43.124046 209e19e00                Options.disable_auto_compactions: 0
2021/10/25-18:04:43.124047 209e19e00                        Options.compaction_style: kCompactionStyleLevel
2021/10/25-18:04:43.124048 209e19e00                          Options.compaction_pri: kMinOverlappingRatio
2021/10/25-18:04:43.124049 209e19e00 Options.compaction_options_universal.size_ratio: 1
2021/10/25-18:04:43.124050 209e19e00 Options.compaction_options_universal.min_merge_width: 2
2021/10/25-18:04:43.124050 209e19e00 Options.compaction_options_universal.max_merge_width: 4294967295
2021/10/25-18:04:43.124051 209e19e00 Options.compaction_options_universal.max_size_amplification_percent: 200
2021/10/25-18:04:43.124052 209e19e00 Options.compaction_options_universal.compression_size_percent: -1
2021/10/25-18:04:43.124053 209e19e00 Options.compaction_options_universal.stop_style: kCompactionStopStyleTotalSize
2021/10/25-18:04:43.124054 209e19e00 Options.compaction_options_fifo.max_table_files_size: 1073741824
2021/10/25-18:04:43.124055 209e19e00 Options.compaction_options_fifo.allow_compaction: 0
2021/10/25-18:04:43.124056 209e19e00                   Options.table_properties_collectors: 
2021/10/25-18:04:43.124057 209e19e00                   Options.inplace_update_support: 0
2021/10/25-18:04:43.124058 209e19e00                 Options.inplace_update_num_locks: 10000
2021/10/25-18:04:43.124058 209e19e00               Options.memtable_prefix_bloom_size_ratio: 0.000000
2021/10/25-18:04:43.124059 209e19e00               Options.memtable_whole_key_filtering: 0
2021/10/25-18:04:43.124060 209e19e00   Options.memtable_huge_page_size: 0
2021/10/25-18:04:43.124067 209e19e00                           Options.bloom_locality: 0
2021/10/25-18:04:43.124068 209e19e00                    Options.max_successive_merges: 0
2021/10/25-18:04:43.124069 209e19e00                Options.optimize_filters_for_hits: 0
2021/10/25-18:04:43.124070 209e19e00                Options.paranoid_file_checks: 0
2021/10/25-18:04:43.124070 209e19e00                Options.force_consistency_checks: 0
2021/10/25-18:04:43.124071 209e19e00                Options.report_bg_io_stats: 0
2021/10/25-18:04:43.124072 209e19e00                               Options.ttl: 2592000
2021/10/25-18:04:43.124073 209e19e00          Options.periodic_compaction_seconds: 0
2021/10/25-18:04:43.124232 209e19e00 [db/column_family.cc:580] --------------- Options for column family [CE]:
2021/10/25-18:04:43.124234 209e19e00               Options.comparator: leveldb.BytewiseComparator
2021/10/25-18:04:43.124234 209e19e00           Options.merge_operator: None
2021/10/25-18:04:43.124236 209e19e00        Options.compaction_filter: filter_outdated
2021/10/25-18:04:43.124237 209e19e00        Options.compaction_filter_factory: None
2021/10/25-18:04:43.124237 209e19e00  Options.sst_partitioner_factory: None
2021/10/25-18:04:43.124238 209e19e00         Options.memtable_factory: SkipListFactory
2021/10/25-18:04:43.124239 209e19e00            Options.table_factory: BlockBasedTable
2021/10/25-18:04:43.124250 209e19e00            table_factory options:   flush_block_policy_factory: FlushBlockBySizePolicyFactory (0x7fadc2f62020)
  cache_index_and_filter_blocks: 0
  cache_index_and_filter_blocks_with_high_priority: 1
  pin_l0_filter_and_index_blocks_in_cache: 0
  pin_top_level_index_and_filter: 1
  index_type: 0
  data_block_index_type: 0
  index_shortening: 1
  data_block_hash_table_util_ratio: 0.750000
  hash_index_allow_collision: 1
  checksum: 1
  no_block_cache: 0
  block_cache: 0x7fadc2f63358
  block_cache_name: LRUCache
  block_cache_options:
    capacity : 8388608
    num_shard_bits : 4
    strict_capacity_limit : 0
    memory_allocator : None
    high_pri_pool_ratio: 0.000
  block_cache_compressed: 0x0
  persistent_cache: 0x0
  block_size: 4096
  block_size_deviation: 10
  block_restart_interval: 16
  index_block_restart_interval: 1
  metadata_block_size: 4096
  partition_filters: 0
  use_delta_encoding: 1
  filter_policy: nullptr
  whole_key_filtering: 1
  verify_compression: 0
  read_amp_bytes_per_bit: 0
  format_version: 4
  enable_index_compression: 1
  block_align: 0
2021/10/25-18:04:43.124251 209e19e00        Options.write_buffer_size: 67108864
2021/10/25-18:04:43.124251 209e19e00  Options.max_write_buffer_number: 2
2021/10/25-18:04:43.124252 209e19e00          Options.compression: NoCompression
2021/10/25-18:04:43.124253 209e19e00                  Options.bottommost_compression: Disabled
2021/10/25-18:04:43.124254 209e19e00       Options.prefix_extractor: nullptr
2021/10/25-18:04:43.124255 209e19e00   Options.memtable_insert_with_hint_prefix_extractor: nullptr
2021/10/25-18:04:43.124255 209e19e00             Options.num_levels: 7
2021/10/25-18:04:43.124256 209e19e00        Options.min_write_buffer_number_to_merge: 1
2021/10/25-18:04:43.124257 209e19e00     Options.max_write_buffer_number_to_maintain: 0
2021/10/25-18:04:43.124257 209e19e00     Options.max_write_buffer_size_to_maintain: 0
2021/10/25-18:04:43.124258 209e19e00            Options.bottommost_compression_opts.window_bits: -14
2021/10/25-18:04:43.124259 209e19e00                  Options.bottommost_compression_opts.level: 32767
2021/10/25-18:04:43.124260 209e19e00               Options.bottommost_compression_opts.strategy: 0
2021/10/25-18:04:43.124260 209e19e00         Options.bottommost_compression_opts.max_dict_bytes: 0
2021/10/25-18:04:43.124261 209e19e00         Options.bottommost_compression_opts.zstd_max_train_bytes: 0
2021/10/25-18:04:43.124262 209e19e00         Options.bottommost_compression_opts.parallel_threads: 1
2021/10/25-18:04:43.124263 209e19e00                  Options.bottommost_compression_opts.enabled: false
2021/10/25-18:04:43.124263 209e19e00            Options.compression_opts.window_bits: -14
2021/10/25-18:04:43.124272 209e19e00                  Options.compression_opts.level: 32767
2021/10/25-18:04:43.124273 209e19e00               Options.compression_opts.strategy: 0
2021/10/25-18:04:43.124274 209e19e00         Options.compression_opts.max_dict_bytes: 0
2021/10/25-18:04:43.124274 209e19e00         Options.compression_opts.zstd_max_train_bytes: 0
2021/10/25-18:04:43.124275 209e19e00         Options.compression_opts.parallel_threads: 1
2021/10/25-18:04:43.124276 209e19e00                  Options.compression_opts.enabled: false
2021/10/25-18:04:43.124277 209e19e00      Options.level0_file_num_compaction_trigger: 4
2021/10/25-18:04:43.124277 209e19e00          Options.level0_slowdown_writes_trigger: 20
2021/10/25-18:04:43.124278 209e19e00              Options.level0_stop_writes_trigger: 36
2021/10/25-18:04:43.124279 209e19e00                   Options.target_file_size_base: 67108864
2021/10/25-18:04:43.124279 209e19e00             Options.target_file_size_multiplier: 1
2021/10/25-18:04:43.124280 209e19e00                Options.max_bytes_for_level_base: 268435456
2021/10/25-18:04:43.124281 209e19e00 Options.level_compaction_dynamic_level_bytes: 0
2021/10/25-18:04:43.124282 209e19e00          Options.max_bytes_for_level_multiplier: 10.000000
2021/10/25-18:04:43.124283 209e19e00 Options.max_bytes_for_level_multiplier_addtl[0]: 1
2021/10/25-18:04:43.124283 209e19e00 Options.max_bytes_for_level_multiplier_addtl[1]: 1
2021/10/25-18:04:43.124284 209e19e00 Options.max_bytes_for_level_multiplier_addtl[2]: 1
2021/10/25-18:04:43.124285 209e19e00 Options.max_bytes_for_level_multiplier_addtl[3]: 1
2021/10/25-18:04:43.124286 209e19e00 Options.max_bytes_for_level_multiplier_addtl[4]: 1
2021/10/25-18:04:43.124286 209e19e00 Options.max_bytes_for_level_multiplier_addtl[5]: 1
2021/10/25-18:04:43.124287 209e19e00 Options.max_bytes_for_level_multiplier_addtl[6]: 1
2021/10/25-18:04:43.124288 209e19e00       Options.max_sequential_skip_in_iterations: 8
2021/10/25-18:04:43.124288 209e19e00                    Options.max_compaction_bytes: 1677721600
2021/10/25-18:04:43.124289 209e19e00                        Options.arena_block_size: 8388608
2021/10/25-18:04:43.124290 209e19e00   Options.soft_pending_compaction_bytes_limit: 68719476736
2021/10/25-18:04:43.124291 209e19e00   Options.hard_pending_compaction_bytes_limit: 274877906944
2021/10/25-18:04:43.124291 209e19e00       Options.rate_limit_delay_max_milliseconds: 100
2021/10/25-18:04:43.124292 209e19e00                Options.disable_auto_compactions: 1
2021/10/25-18:04:43.124293 209e19e00                        Options.compaction_style: kCompactionStyleLevel
2021/10/25-18:04:43.124294 209e19e00                          Options.compaction_pri: kMinOverlappingRatio
2021/10/25-18:04:43.124294 209e19e00 Options.compaction_options_universal.size_ratio: 1
2021/10/25-18:04:43.124295 209e19e00 Options.compaction_options_universal.min_merge_width: 2
2021/10/25-18:04:43.124296 209e19e00 Options.compaction_options_universal.max_merge_width: 4294967295
2021/10/25-18:04:43.124296 209e19e00 Options.compaction_options_universal.max_size_amplification_percent: 200
2021/10/25-18:04:43.124297 209e19e00 Options.compaction_options_universal.compression_size_percent: -1
2021/10/25-18:04:43.124298 209e19e00 Options.compaction_options_universal.stop_style: kCompactionStopStyleTotalSize
2021/10/25-18:04:43.124299 209e19e00 Options.compaction_options_fifo.max_table_files_size: 1073741824
2021/10/25-18:04:43.124300 209e19e00 Options.compaction_options_fifo.allow_compaction: 0
2021/10/25-18:04:43.124301 209e19e00                   Options.table_properties_collectors: 
2021/10/25-18:04:43.124301 209e19e00                   Options.inplace_update_support: 0
2021/10/25-18:04:43.124302 209e19e00                 Options.inplace_update_num_locks: 10000
2021/10/25-18:04:43.124303 209e19e00               Options.memtable_prefix_bloom_size_ratio: 0.000000
2021/10/25-18:04:43.124304 209e19e00               Options.memtable_whole_key_filtering: 0
2021/10/25-18:04:43.124310 209e19e00   Options.memtable_huge_page_size: 0
2021/10/25-18:04:43.124311 209e19e00                           Options.bloom_locality: 0
2021/10/25-18:04:43.124312 209e19e00                    Options.max_successive_merges: 0
2021/10/25-18:04:43.124312 209e19e00                Options.optimize_filters_for_hits: 0
2021/10/25-18:04:43.124313 209e19e00                Options.paranoid_file_checks: 0
2021/10/25-18:04:43.124314 209e19e00                Options.force_consistency_checks: 0
2021/10/25-18:04:43.124315 209e19e00                Options.report_bg_io_stats: 0
2021/10/25-18:04:43.124315 209e19e00                               Options.ttl: 2592000
2021/10/25-18:04:43.124316 209e19e00          Options.periodic_compaction_seconds: 2592000
2021/10/25-18:04:43.124346 209e19e00 [db/column_family.cc:580] --------------- Options for column family [CES]:
2021/10/25-18:04:43.124347 209e19e00               Options.comparator: leveldb.BytewiseComparator
2021/10/25-18:04:43.124348 209e19e00           Options.merge_operator: None
2021/10/25-18:04:43.124349 209e19e00        Options.compaction_filter: filter_outdated
2021/10/25-18:04:43.124349 209e19e00        Options.compaction_filter_factory: None
2021/10/25-18:04:43.124350 209e19e00  Options.sst_partitioner_factory: None
2021/10/25-18:04:43.124351 209e19e00         Options.memtable_factory: SkipListFactory
2021/10/25-18:04:43.124351 209e19e00            Options.table_factory: BlockBasedTable
2021/10/25-18:04:43.124360 209e19e00            table_factory options:   flush_block_policy_factory: FlushBlockBySizePolicyFactory (0x7fadc2f60990)
  cache_index_and_filter_blocks: 0
  cache_index_and_filter_blocks_with_high_priority: 1
  pin_l0_filter_and_index_blocks_in_cache: 0
  pin_top_level_index_and_filter: 1
  index_type: 0
  data_block_index_type: 0
  index_shortening: 1
  data_block_hash_table_util_ratio: 0.750000
  hash_index_allow_collision: 1
  checksum: 1
  no_block_cache: 0
  block_cache: 0x7fadc2f63df8
  block_cache_name: LRUCache
  block_cache_options:
    capacity : 8388608
    num_shard_bits : 4
    strict_capacity_limit : 0
    memory_allocator : None
    high_pri_pool_ratio: 0.000
  block_cache_compressed: 0x0
  persistent_cache: 0x0
  block_size: 4096
  block_size_deviation: 10
  block_restart_interval: 16
  index_block_restart_interval: 1
  metadata_block_size: 4096
  partition_filters: 0
  use_delta_encoding: 1
  filter_policy: nullptr
  whole_key_filtering: 1
  verify_compression: 0
  read_amp_bytes_per_bit: 0
  format_version: 4
  enable_index_compression: 1
  block_align: 0
2021/10/25-18:04:43.124361 209e19e00        Options.write_buffer_size: 67108864
2021/10/25-18:04:43.124361 209e19e00  Options.max_write_buffer_number: 2
2021/10/25-18:04:43.124362 209e19e00          Options.compression: NoCompression
2021/10/25-18:04:43.124363 209e19e00                  Options.bottommost_compression: Disabled
2021/10/25-18:04:43.124363 209e19e00       Options.prefix_extractor: nullptr
2021/10/25-18:04:43.124364 209e19e00   Options.memtable_insert_with_hint_prefix_extractor: nullptr
2021/10/25-18:04:43.124365 209e19e00             Options.num_levels: 7
2021/10/25-18:04:43.124366 209e19e00        Options.min_write_buffer_number_to_merge: 1
2021/10/25-18:04:43.124366 209e19e00     Options.max_write_buffer_number_to_maintain: 0
2021/10/25-18:04:43.124367 209e19e00     Options.max_write_buffer_size_to_maintain: 0
2021/10/25-18:04:43.124368 209e19e00            Options.bottommost_compression_opts.window_bits: -14
2021/10/25-18:04:43.124369 209e19e00                  Options.bottommost_compression_opts.level: 32767
2021/10/25-18:04:43.124369 209e19e00               Options.bottommost_compression_opts.strategy: 0
2021/10/25-18:04:43.124370 209e19e00         Options.bottommost_compression_opts.max_dict_bytes: 0
2021/10/25-18:04:43.124371 209e19e00         Options.bottommost_compression_opts.zstd_max_train_bytes: 0
2021/10/25-18:04:43.124371 209e19e00         Options.bottommost_compression_opts.parallel_threads: 1
2021/10/25-18:04:43.124372 209e19e00                  Options.bottommost_compression_opts.enabled: false
2021/10/25-18:04:43.124380 209e19e00            Options.compression_opts.window_bits: -14
2021/10/25-18:04:43.124381 209e19e00                  Options.compression_opts.level: 32767
2021/10/25-18:04:43.124382 209e19e00               Options.compression_opts.strategy: 0
2021/10/25-18:04:43.124382 209e19e00         Options.compression_opts.max_dict_bytes: 0
2021/10/25-18:04:43.124383 209e19e00         Options.compression_opts.zstd_max_train_bytes: 0
2021/10/25-18:04:43.124384 209e19e00         Options.compression_opts.parallel_threads: 1
2021/10/25-18:04:43.124385 209e19e00                  Options.compression_opts.enabled: false
2021/10/25-18:04:43.124385 209e19e00      Options.level0_file_num_compaction_trigger: 4
2021/10/25-18:04:43.124386 209e19e00          Options.level0_slowdown_writes_trigger: 20
2021/10/25-18:04:43.124387 209e19e00              Options.level0_stop_writes_trigger: 36
2021/10/25-18:04:43.124388 209e19e00                   Options.target_file_size_base: 67108864
2021/10/25-18:04:43.124388 209e19e00             Options.target_file_size_multiplier: 1
2021/10/25-18:04:43.124389 209e19e00                Options.max_bytes_for_level_base: 268435456
2021/10/25-18:04:43.124390 209e19e00 Options.level_compaction_dynamic_level_bytes: 0
2021/10/25-18:04:43.124390 209e19e00          Options.max_bytes_for_level_multiplier: 10.000000
2021/10/25-18:04:43.124391 209e19e00 Options.max_bytes_for_level_multiplier_addtl[0]: 1
2021/10/25-18:04:43.124392 209e19e00 Options.max_bytes_for_level_multiplier_addtl[1]: 1
2021/10/25-18:04:43.124393 209e19e00 Options.max_bytes_for_level_multiplier_addtl[2]: 1
2021/10/25-18:04:43.124393 209e19e00 Options.max_bytes_for_level_multiplier_addtl[3]: 1
2021/10/25-18:04:43.124394 209e19e00 Options.max_bytes_for_level_multiplier_addtl[4]: 1
2021/10/25-18:04:43.124395 209e19e00 Options.max_bytes_for_level_multiplier_addtl[5]: 1
2021/10/25-18:04:43.124396 209e19e00 Options.max_bytes_for_level_multiplier_addtl[6]: 1
2021/10/25-18:04:43.124396 209e19e00       Options.max_sequential_skip_in_iterations: 8
2021/10/25-18:04:43.124397 209e19e00                    Options.max_compaction_bytes: 1677721600
2021/10/25-18:04:43.124398 209e19e00                        Options.arena_block_size: 8388608
2021/10/25-18:04:43.124399 209e19e00   Options.soft_pending_compaction_bytes_limit: 68719476736
2021/10/25-18:04:43.124399 209e19e00   Options.hard_pending_compaction_bytes_limit: 274877906944
2021/10/25-18:04:43.124400 209e19e00       Options.rate_limit_delay_max_milliseconds: 100
2021/10/25-18:04:43.124401 209e19e00                Options.disable_auto_compactions: 1
2021/10/25-18:04:43.124402 209e19e00                        Options.compaction_style: kCompactionStyleLevel
2021/10/25-18:04:43.124402 209e19e00                          Options.compaction_pri: kMinOverlappingRatio
2021/10/25-18:04:43.124403 209e19e00 Options.compaction_options_universal.size_ratio: 1
2021/10/25-18:04:43.124404 209e19e00 Options.compaction_options_universal.min_merge_width: 2
2021/10/25-18:04:43.124404 209e19e00 Options.compaction_options_universal.max_merge_width: 4294967295
2021/10/25-18:04:43.124405 209e19e00 Options.compaction_options_universal.max_size_amplification_percent: 200
2021/10/25-18:04:43.124406 209e19e00 Options.compaction_options_universal.compression_size_percent: -1
2021/10/25-18:04:43.124407 209e19e00 Options.compaction_options_universal.stop_style: kCompactionStopStyleTotalSize
2021/10/25-18:04:43.124407 209e19e00 Options.compaction_options_fifo.max_table_files_size: 1073741824
2021/10/25-18:04:43.124408 209e19e00 Options.compaction_options_fifo.allow_compaction: 0
2021/10/25-18:04:43.124409 209e19e00                   Options.table_properties_collectors: 
2021/10/25-18:04:43.124410 209e19e00                   Options.inplace_update_support: 0
2021/10/25-18:04:43.124411 209e19e00                 Options.inplace_update_num_locks: 10000
2021/10/25-18:04:43.124411 209e19e00               Options.memtable_prefix_bloom_size_ratio: 0.000000
2021/10/25-18:04:43.124412 209e19e00               Options.memtable_whole_key_filtering: 0
2021/10/25-18:04:43.124419 209e19e00   Options.memtable_huge_page_size: 0
2021/10/25-18:04:43.124420 209e19e00                           Options.bloom_locality: 0
2021/10/25-18:04:43.124421 209e19e00                    Options.max_successive_merges: 0
2021/10/25-18:04:43.124422 209e19e00                Options.optimize_filters_for_hits: 0
2021/10/25-18:04:43.124422 209e19e00                Options.paranoid_file_checks: 0
2021/10/25-18:04:43.124423 209e19e00                Options.force_consistency_checks: 0
2021/10/25-18:04:43.124424 209e19e00                Options.report_bg_io_stats: 0
2021/10/25-18:04:43.124424 209e19e00                               Options.ttl: 2592000
2021/10/25-18:04:43.124425 209e19e00          Options.periodic_compaction_seconds: 2592000
2021/10/25-18:04:43.149103 209e19e00 [db/version_set.cc:4718] Recovered from manifest file:/Users/jessewilliams/Code/dfx-template-react/.dfx/state/replicated_state/node-100/ic_consensus_pool/certification/MANIFEST-000147 succeeded,manifest_file_number is 147, next_file_number is 159, last_sequence is 179608, log_number is 153,prev_log_number is 0,max_column_family is 2,min_log_number_to_keep is 0
2021/10/25-18:04:43.149112 209e19e00 [db/version_set.cc:4727] Column family [default] (ID 0), log number is 140
2021/10/25-18:04:43.149114 209e19e00 [db/version_set.cc:4727] Column family [CE] (ID 1), log number is 153
2021/10/25-18:04:43.149115 209e19e00 [db/version_set.cc:4727] Column family [CES] (ID 2), log number is 153
2021/10/25-18:04:43.149432 209e19e00 EVENT_LOG_v1 {"time_micros": 1635203083149425, "job": 1, "event": "recovery_started", "log_files": [153]}
2021/10/25-18:04:43.149436 209e19e00 [db/db_impl/db_impl_open.cc:823] Recovering log #153 mode 2
2021/10/25-18:04:43.155426 209e19e00 EVENT_LOG_v1 {"time_micros": 1635203083155397, "cf_name": "CE", "job": 1, "event": "table_file_creation", "file_number": 159, "file_size": 571640, "table_properties": {"data_size": 568122, "index_size": 2695, "index_partitions": 0, "top_level_index_size": 0, "index_key_is_user_key": 1, "index_value_is_delta_encoded": 1, "filter_size": 0, "raw_key_size": 133968, "raw_average_key_size": 48, "raw_value_size": 438187, "raw_average_value_size": 157, "num_data_blocks": 140, "num_entries": 2791, "num_deletions": 0, "num_merge_operands": 0, "num_range_deletions": 0, "format_version": 0, "fixed_key_len": 0, "filter_policy": "", "column_family_name": "CE", "column_family_id": 1, "comparator": "leveldb.BytewiseComparator", "merge_operator": "nullptr", "prefix_extractor_name": "nullptr", "property_collectors": "[]", "compression": "NoCompression", "compression_options": "window_bits=-14; level=32767; strategy=0; max_dict_bytes=0; zstd_max_train_bytes=0; enabled=0; ", "creation_time": 1635203083, "oldest_key_time": 0, "file_creation_time": 0, "db_id": "16b01c335f244dda-324c6e81bec8a4f9", "db_session_id": "LP9R3UE3CS96IOWEYFF2"}}
2021/10/25-18:04:43.157392 209e19e00 EVENT_LOG_v1 {"time_micros": 1635203083157364, "cf_name": "CES", "job": 1, "event": "table_file_creation", "file_number": 160, "file_size": 526643, "table_properties": {"data_size": 523258, "index_size": 2561, "index_partitions": 0, "top_level_index_size": 0, "index_key_is_user_key": 1, "index_value_is_delta_encoded": 1, "filter_size": 0, "raw_key_size": 133968, "raw_average_key_size": 48, "raw_value_size": 393531, "raw_average_value_size": 141, "num_data_blocks": 133, "num_entries": 2791, "num_deletions": 0, "num_merge_operands": 0, "num_range_deletions": 0, "format_version": 0, "fixed_key_len": 0, "filter_policy": "", "column_family_name": "CES", "column_family_id": 2, "comparator": "leveldb.BytewiseComparator", "merge_operator": "nullptr", "prefix_extractor_name": "nullptr", "property_collectors": "[]", "compression": "NoCompression", "compression_options": "window_bits=-14; level=32767; strategy=0; max_dict_bytes=0; zstd_max_train_bytes=0; enabled=0; ", "creation_time": 1635203083, "oldest_key_time": 0, "file_creation_time": 0, "db_id": "16b01c335f244dda-324c6e81bec8a4f9", "db_session_id": "LP9R3UE3CS96IOWEYFF2"}}
2021/10/25-18:04:43.157441 209e19e00 [db/version_set.cc:3950] Creating manifest 161
2021/10/25-18:04:43.157876 209e19e00 EVENT_LOG_v1 {"time_micros": 1635203083157873, "job": 1, "event": "recovery_finished"}
2021/10/25-18:04:43.160132 209e19e00 [file/delete_scheduler.cc:73] Deleted file /Users/jessewilliams/Code/dfx-template-react/.dfx/state/replicated_state/node-100/ic_consensus_pool/certification/000153.log immediately, rate_bytes_per_sec 0, total_trash_size 0 max_trash_db_ratio 0.250000
2021/10/25-18:04:43.161484 209e19e00 [db/db_impl/db_impl_open.cc:1639] SstFileManager instance 0x7fadc2f656c0
2021/10/25-18:04:43.161538 209e19e00 DB pointer 0x7fadc498de00
2021/10/25-18:04:43.370048 31b41b000 [db/db_impl/db_impl_compaction_flush.cc:1524] [CE] Manual compaction starting
2021/10/25-18:04:43.370260 318f59000 (Original Log Time 2021/10/25-18:04:43.370231) [db/db_impl/db_impl_compaction_flush.cc:2601] [CE] Manual compaction from level-0 to level-1 from '00000000000000000000000000000000000000000000000000000000000000000000000000000000' seq:72057594037927935, type:20 .. '00000000000169540000000000000000000000000000000000000000000000000000000000000000' seq:0, type:0; will stop at (end)
2021/10/25-18:04:43.370269 318f59000 [db/compaction/compaction_job.cc:1762] [CE] [JOB 3] Compacting 1@0 files to L1, score -1.00
2021/10/25-18:04:43.370278 318f59000 [db/compaction/compaction_job.cc:1766] [CE] Compaction start summary: Base version 7 Base level 0, inputs: [159(558KB)]
2021/10/25-18:04:43.370311 318f59000 EVENT_LOG_v1 {"time_micros": 1635203083370287, "job": 3, "event": "compaction_started", "compaction_reason": "ManualCompaction", "files_L0": [159], "score": -1, "input_data_size": 571640}
2021/10/25-18:04:43.372033 318f59000 [db/compaction/compaction_job.cc:1428] [CE] [JOB 3] Generated table #165: 96 keys, 20508 bytes
